3322322■23
232331■331
311312■113
0233300300
2232012233
0103030103
3223203223
1302132102
2103232203
0212010213
■201301202
0333031031
2323302330
2■23032131
1000122000
3202003203
11012■1201
1320111330
0133120133
3013202013
0322000323
0003230003
2323122332
10■1132031
3110313120
1110111120
2320102■30
0331230331
1230011310
1110031120
1320221330
0013020013
2230132310
1132001133
1133011202
1011201011
002013002■
22■2032302
2103212203
1222301223
2323332332
1213331221
2120012130
2233032311
0012310012
0033310033
0001210001
3121113131
1032001033
3312013313
0311110■11
2■22313022
0331000332
11232■1123
221103221■
3100213200
3003211003
2330313110
2013333020
0321000322
1201101■01
0112200112
3333311111
3311203311
1002032002
0020300021
0■22230222
201212■012
3323033331
3021311021
0101220101
1323311331
3032203032
0321010322
0110320110
1301212101
122023■230
2233032311
3003201003
3032003033
1121231121
1312232212
3■33311111
1313132213
0122130122
13■2021323
01■0000210
3132123133
1222211222
1102211202
1202201202
2003323003
3310003320
1■32011333
0003120003
1021122021
0210200210
3122232122
3230013310
■221121231
200■033001
3012131012
3230103310
2101202201
2133212133
0130300131
3133003201
23321■2332
2222012223
3111111211
0313110313
0233210233
32233■3232
0032200032
1320131330
0200010300
2002303002
0223100■23
2200302300
2102122202
2123002131
3121113131
2232112233
1■11011212
3113113122
22■3032221
1220211230
1133231133
0202130202
1121221121
0013220013
0030030110
0213■30220
22■1102231
2113302120
230220■102
1000212000
23232023■3
1313001321
2132333133
2200102300
2203322303
2203012211
3313203313
0000330001
2322302323
0200320300
2002023002
■333211333
3223213223
2130232210
3222133223
2133102133
0203030203
3022321022
2320122330
113■211133
2212122312
3021121021
3233203233
2131312132
22213■2231
10133■2013
1332211332
1320111330
0330321110
0303330310
1232■11232
2102102202
3220303230
3■22332322
1102011103
0131100131
300201100■
2331123121
3110123120
1323201323
3102113202
3321103321
2233212233
0223310223
1230321310
1312021313
2312123212
0033130033
3021311021
1101031201
13132■1313
0000130000
2030022110
3303003311
3223333232
21321■2132
■231001232
23■2223322
0301300302
3301010■02
2120012130
1120321130
1031332031
0111320111
20000230■0
3202333303
3103233203
0013100013
2113112122
1313001321
1102101102
0113110113
0013220013
0221130221
2132323132
0322120322
0213100213
0010020010
3300■30100
0333130333
3210103220
210132220■
1032132032
22■0202220
3221313231
2200022300
2101112201
0003310003
1303■32103
3032111032
11222211■2
2320312■30
0333200333
1302232102
1000012000
1003222003
0222330223
0213130■13
0223210223
1001212■01
2330103020
2221■02221
2033302102
0101030101
3032111032
2311213211
0303031103
0233110233
2313122322
3010202010
0333021021
1113121113
111313■113
1021332021
02300■0310
3033311033
3220003230
1203031303
1000112000
32■2213232
1320131■30
21202■2130
2310222320
0220310220
0211010212
0233230233
313■103131
1222221222
3121■32121
0203010211
3003311003
101330■020
0122110122
23003■3100
2200202300
1101111201
012310■123
3111033112
1211011212
0203230203
0311130■11
3102003103
2220032230
0331110331
1130321210
1113131113
2213332313
2021313021
2131112221
2223102223
2231102231
1220101■30
2302223102
02■1130211
1311232211
30■3101003
3020133030
3232023233
2133323133
0202■20202
0133■20133
2001013001
1303101303
3302230302
3311303312
3011003012
3320113330
2023223023
0203230203
0210220210
0322300323
3221123231
1033232033
1021022021
2212322312
3301230201
0212330213
3003021003
3333020202
2032002033
2010032020
0321010322
2322■33322
2103002111
1323001331
0213020221
11130■1121
0301031101
0302321102
1100131200
33030033■1
0002210002
011233011■
3133033211
2023002031
■321323331
1031232031
2031323031
2010■02020
0112300113
3023031023
3001321001
0101320101
2101322201
2012103012
330■300301
01210■0122
03120303■3
0323220323
3230323310
2100232200
2032002033
2310■12320
2322032323
3201033301
3231223321
1213311221
100000200■
1112021113
3013331013
0001120001
1113211113
1103301110
2013203013
2321212331
0123230123
0320300321
1213301220
2210322220
3321303322
1110231120
32311■3321
3211103211
1201111301
21■0212210
0132030132
1113201113
1210201210
1003202003
0311120311
1310111320
0323000331
1110101120
3312131312
3001021001
3330330331
0312010313
3212213312
2■32002333
0232100232
■130113210
3301130201
200■123000
30210210■2
2030012■10
2023123023
1022301023
2■00022300
1233111312
3311311312
1111112111
1313132213
0310000320
1110011120
3310133320
3310113320
3322023323
3120033130
2221022222
1113301■20
31■1013132
1230001310
102332202■
0033130033
3123222123
03330■1011
103■312032
1233121313
22130322■1
0013100013
03010■1101
1333022022
2023002031
3031023032
0223130223
0■02200002
0222200222
■121111131
3■30223110
002120002■
3003021003
30320030■3
2033213033
2103122203
21200■2130
1330032010
220■032301
0312■30313
0333011011
0212220212
3203203303
3220133230
3223113232
0101■20101
02■2110232
1322231322
0311210311
0322210322
2121132131
1100111200
2221102221
1323201323
002■220021
3120123130
0113230113
1123121123
1120001130
0232320■32
33120233■3
122220122■
0133300200
2121132131
0233000301
1133031211
221■312220
0200310300
0332100■32
3332113■33
0002000003
11102■1120
3000021000
233■213131
3000011000
■203030203
0002130002
0201320301
■110032120
121■231213
23■3302330
0100200100
2222332223
0103320103
3321103321
030■011100
2303113103
1132121132
3302120302
2100112200
311■103111
1310021320
0013210013
2210302211
■002231002
0301021101
3312131312
3023211023
3130323210
1002212002
2313122322
2331302■32
2331012332
320■133302
2230222310
