1001132001
3300010100
0011130011
0001210001
3100113200
0002030002
2200032300
1200121300
0100120200
1231001232
0101000102
0100020200
3000121000
1300112100
0001000002
2300103100
0003320003
0300001100
0002100002
0110300111
1300002100
3200113300
0102300103
3001001002
0200100300
0011230011
2210002220
2300113100
0011300012
2000233000
1200021300
3300100100
2200122300
0022100022
0021100021
1001012001
3030003110
0012330013
2200112300
1230011310
3000211000
0300111100
3000031000
3200003300
0032000033
3300110100
0012210012
2300013100
2000133000
2200012300
3001131001
1200101300
0003200003
2000303000
0031100031
0003300010
1200031300
3230003310
0003100003
3120003130
0120000130
0032200032
0120010130
0002000003
0111000112
1000232000
0231000232
0010120010
2130002210
0003310003
0130000210
1132001133
3200013300
3001231001
1123001131
0012310012
0013100013
3220003230
2200002300
0001300002
0120100120
1113001121
0100200100
0000130000
2010002020
1220001230
0001030001
0002120002
0030300031
1203001211
0030000110
0110200110
0323000331
1001232001
1000322000
1000032000
0102200102
0023100023
3001021001
0331000332
1111001112
3000101000
2001223001
0013200013
0001310001
2100122200
2300033100
3100123200
0010210010
0010000020
3100023200
1200111300
2020002030
3001031001
3200023300
0100300101
1010011020
0012130012
3210003220
1012001013
2000113000
0020300021
0031300032
1300122100
3000221000
1300012100
3300020100
0032100032
1131001132
0330011010
2000323000
0011120011
1300102100
0010310010
3320003330
0311000312
1112001113
1210001220
1201001202
0300021100
0023200023
1020001030
3300120100
0300101100
0020100020
1023001031
1022001023
0002020002
1011001012
0102100102
0001200001
1330012010
2001203001
0010200010
0230010310
2200022300
3100013200
0122300123
0000330001
0011010011
1000112000
1100011200
1120001130
1300032100
0002010002
1133001201
0200010300
0103200103
1221001222
0011200011
1200011300
2100002200
0103000111
0011330012
0312000313
1000102000
3310003320
1233001301
0310010320
0003020003
1310001320
0003130003
0203000211
0020200020
2110002120
2010012020
1000022000
0213000221
0011220011
2001013001
2000213000
0123300130
0303000311
0200120300
0011100011
0100030200
1001022001
1220011230
2030002110
0003120003
2120012130
1001102001
0012200012
0001130001
0230000310
3000131000
0000300001
0001330002
3001111001
0220010230
1110001120
1021001022
1000222000
0122000123
0200000300
0010020010
0310000320
1010001020
0211000212
0200110300
2330003010
1001112001
2320012330
3001121001
0012000013
1000332000
1100031200
1103001111
0112200112
0033100033
2000123000
0012320012
0121000122
0302000303
0012220012
3001011001
0321000322
3000301000
1100121200
0210010220
2001213001
2000313000
1101001102
0003110003
2001233001
0120200120
0332000333
0110010120
2100102200
0010220010
0112300113
2310002320
0032300033
2000223000
0000210000
0031200031
1003001011
0000200000
3000311000
1320001330
1032001033
0003330010
3001201001
1130011210
0111200111
0002210002
0023000031
0002200002
3130003210
0330001010
0221000222
0100110200
0022000023
3001221001
2000203000
0112100112
1013001021
0200030300
2330013010
0010230010
3000111000
0320000330
0012010012
0021200021
1310011320
1000012000
0101100101
0100000200
0110000120
0002310002
1222001223
0120300121
0210000220
0223000231
2100022200
0011030011
1211001212
2001123001
0001020001
3200103300
0113100113
0220000230
0001010001
0313000321
0003220003
0010130010
2200102300
0101300102
1330002010
0222000223
0301000302
1213001221
0000001000
0333001001
2220002230
2220012230
0010110010
1000212000
3001101001
0122200122
0110100110
0001230001
0020000030
1230001310
1030001110
1110011120
3200033300
2300123100
1001202001
0130010210
1001002001
3100003200
3100033200
0322000323
1210011220
0012230012
0011310011
3200123300
0012110012
3010003020
0033300100
0300011100
2001133001
2030012110
2000023000
3000011000
0111300112
1001122001
2000003000
1002001003
0132000133
0000320000
0113200113
0012120012
1000002000
1232001233
1030011110
0202000203
1020011030
2001033001
0000220000
1202001203
0121300122
1120011130
0001100001
2001113001
3000331000
0012030012
1100111200
1001212001
0112000113
2020012030
0013300020
0113000121
2120002130
2110012120
0003030003
1200001300
0030010110
1031001032
0000310000
3001211001
0123000131
2001003001
0022200022
0000100000
2000333001
0232000233
0000110000
3000201000
0121200121
2300003100
1102001103
0021000022
0111100111
2100012200
0233000301
0201000202
0012100012
0001120001
0212000213
0010100010
0123100123
0001110001
0033200033
0003210003
1100001200
2000103000
0030200030
0010030010
1223001231
1320011330
0013000021
2210012220
2100032200
0113300120
0100100200
0030100030
3110003120
0133000201
0000010000
1122001123
0003010003
0011000012
0012300013
1000312000
1000202000
0002330003
2320002330
0101200101
0000120000
0011210011
0300121100
0010330011
2001023001
2000013000
3000021000
0002110002
1100101200
0100010200
0002220002
1130001210
0001320001
3020003030
1212001213
2230012310
0002320002
0010320010
1000302000
0003230003
1300022100
3330010010
2000033000
0011320011
0103300110
0011110011
0002300003
2310012320
1000122000
0320010330
2001103001
0200020300
2100112200
0300031100
0103100103
3100103200
1000132000
1033001101
0002130002
1001032001
2230002310
0022300023
0000020000
1100021200
0000230000
0011020011
2130012210
3300030100
1121001122
0012020012
0102000103
0023300030
0123200123
0002230002
2300023100
0121100121
0001220001
0033000101
0122100122
3000231000
0003000011
0020010030
0000030000
3000321000
0010010020
0021300022
0010300011
1001222001
0131000132
0031000032
