3322322323
2323312331
3113122113
0233300300
2232012233
0103030103
3223203223
1302132102
2103232203
0212010213
1201301202
0333031031
2323302330
2123032131
1000122000
3202003203
1101211201
1320111330
0133120133
3013202013
0322000323
0003230003
2323122332
1031132031
3110313120
1110111120
2320102330
0331230331
1230011310
1110031120
1320221330
0013020013
2230132310
1132001133
1133011202
1011201011
0020130020
2202032302
2103212203
1222301223
2323332332
1213331221
2120012130
2233032311
0012310012
0033310033
0001210001
3121113131
1032001033
3312013313
0311110311
2022313022
0331000332
1123221123
2211032212
3100213200
3003211003
2330313110
2013333020
0321000322
1201101301
0112200112
3333311111
3311203311
1002032002
0020300021
0222230222
2012123012
3323033331
3021311021
0101220101
1323311331
3032203032
0321010322
0110320110
1301212101
1220231230
2233032311
3003201003
3032003033
1121231121
1312232212
3333311111
1313132213
0122130122
1322021323
0130000210
3132123133
1222211222
1102211202
1202201202
2003323003
3310003320
1332011333
0003120003
1021122021
0210200210
3122232122
3230013310
1221121231
2001033001
3012131012
3230103310
2101202201
2133212133
0130300131
3133003201
2332102332
2222012223
3111111211
0313110313
0233210233
3223333232
0032200032
1320131330
0200010300
2002303002
0223100223
2200302300
2102122202
2123002131
3121113131
2232112233
1211011212
3113113122
2213032221
1220211230
1133231133
0202130202
1121221121
0013220013
0030030110
0213330220
2231102231
2113302120
2302203102
1000212000
2323202323
1313001321
2132333133
2200102300
2203322303
2203012211
3313203313
0000330001
2322302323
0200320300
2002023002
1333211333
3223213223
2130232210
3222133223
2133102133
0203030203
3022321022
2320122330
1133211133
2212122312
3021121021
3233203233
2131312132
2221322231
1013332013
1332211332
1320111330
0330321110
0303330310
1232211232
2102102202
3220303230
3322332322
1102011103
0131100131
3002011002
2331123121
3110123120
1323201323
3102113202
3321103321
2233212233
0223310223
1230321310
1312021313
2312123212
0033130033
3021311021
1101031201
1313221313
0000130000
2030022110
3303003311
3223333232
2132102132
1231001232
2322223322
0301300302
3301010102
2120012130
1120321130
1031332031
0111320111
2000023000
3202333303
3103233203
0013100013
2113112122
1313001321
1102101102
0113110113
0013220013
0221130221
2132323132
0322120322
0213100213
0010020010
3300330100
0333130333
3210103220
2101322201
1032132032
2210202220
3221313231
2200022300
2101112201
0003310003
1303132103
3032111032
1122221122
2320312330
0333200333
1302232102
1000012000
1003222003
0222330223
0213130213
0223210223
1001212001
2330103020
2221202221
2033302102
0101030101
3032111032
2311213211
0303031103
0233110233
2313122322
3010202010
0333021021
1113121113
1113131113
1021332021
0230020310
3033311033
3220003230
1203031303
1000112000
3232213232
1320131330
2120202130
2310222320
0220310220
0211010212
0233230233
3131103131
1222221222
3121232121
0203010211
3003311003
1013301020
0122110122
2300323100
2200202300
1101111201
0123100123
3111033112
1211011212
0203230203
0311130311
3102003103
2220032230
0331110331
1130321210
1113131113
2213332313
2021313021
2131112221
2223102223
2231102231
1220101230
2302223102
0211130211
1311232211
3003101003
3020133030
3232023233
2133323133
0202120202
0133320133
2001013001
1303101303
3302230302
3311303312
3011003012
3320113330
2023223023
0203230203
0210220210
0322300323
3221123231
1033232033
1021022021
2212322312
3301230201
0212330213
3003021003
3333020202
2032002033
2010032020
0321010322
2322233322
2103002111
1323001331
0213020221
1113001121
0301031101
0302321102
1100131200
3303003311
0002210002
0112330113
3133033211
2023002031
3321323331
1031232031
2031323031
2010002020
0112300113
3023031023
3001321001
0101320101
2101322201
2012103012
3300300301
0121010122
0312030313
0323220323
3230323310
2100232200
2032002033
2310312320
2322032323
3201033301
3231223321
1213311221
1000002000
1112021113
3013331013
0001120001
1113211113
1103301110
2013203013
2321212331
0123230123
0320300321
1213301220
2210322220
3321303322
1110231120
3231133321
3211103211
1201111301
2130212210
0132030132
1113201113
1210201210
1003202003
0311120311
1310111320
0323000331
1110101120
3312131312
3001021001
3330330331
0312010313
3212213312
2332002333
0232100232
3130113210
3301130201
2000123000
3021021022
2030012110
2023123023
1022301023
2200022300
1233111312
3311311312
1111112111
1313132213
0310000320
1110011120
3310133320
3310113320
3322023323
3120033130
2221022222
1113301120
3131013132
1230001310
1023322023
0033130033
3123222123
0333011011
1032312032
1233121313
2213032221
0013100013
0301011101
1333022022
2023002031
3031023032
0223130223
0002200002
0222200222
1121111131
3030223110
0021200021
3003021003
3032003033
2033213033
2103122203
2120012130
1330032010
2201032301
0312330313
0333011011
0212220212
3203203303
3220133230
3223113232
0101320101
0232110232
1322231322
0311210311
0322210322
2121132131
1100111200
2221102221
1323201323
0021220021
3120123130
0113230113
1123121123
1120001130
0232320232
3312023313
1222201222
0133300200
2121132131
0233000301
1133031211
2210312220
0200310300
0332100332
3332113333
0002000003
1110221120
3000021000
2331213131
3000011000
0203030203
0002130002
0201320301
2110032120
1213231213
2323302330
0100200100
2222332223
0103320103
3321103321
0300011100
2303113103
1132121132
3302120302
2100112200
3111103111
1310021320
0013210013
2210302211
3002231002
0301021101
3312131312
3023211023
3130323210
1002212002
2313122322
2331302332
2331012332
3202133302
2230222310
