1000002000003000011000012000013000021000022000023000031000032000033000101000102000103000111000112000113000121000122000123000131000132000133000201000202000203000
3001031001032001033001101001102001103001111001112001113001121001122001123001131001132001133001201001202001203001211001212001213001221001222001223001231001232001
1223001231001232001233001301001302001303001311001312001313001321001322001323001331001332001333002002003002011002012002013002021002022002023002031002032002033002
0030010110010120010130010210010220010230010310010320010330011010011020011030011110011120011130011210011220011230011310011320011330012010012020012030012110012120
0011000012000013000021000022000023000031000032000033000101000102000103000111000112000113000121000122000123000131000132000133000201000202000203000211000212000213
0000200000300001100001200001300002100002200002300003100003200003300010100010200010300011100011200011300012100012200012300013100013200013300020100020200020300021
0011320011330012010012020012030012110012120012130012210012220012230012310012320012330013010013020013030013110013120013130013210013220013230013310013320013330020
2300003100003200003300010100010200010300011100011200011300012100012200012300013100013200013300020100020200020300021100021200021300022100022200022300023100023200
0200020300021100021200021300022100022200022300023100023200023300030100030200030300031100031200031300032100032200032300033100033200033300100100200100300101100101
0200000300001100001200001300002100002200002300003100003200003300010100010200010300011100011200011300012100012200012300013100013200013300020100020200020300021100
0100100200100300101100101200101300102100102200102300103100103200103300110100110200110300111100111200111300112100112200112300113100113200113300120100120200120300
2000113000121000122000123000131000132000133000201000202000203000211000212000213000221000222000223000231000232000233000301000302000303000311000312000313000321000
3030003110003120003130003210003220003230003310003320003330010010020010030010110010120010130010210010220010230010310010320010330011010011020011030011110011120011
0031200031300032100032200032300033100033200033300100100200100300101100101200101300102100102200102300103100103200103300110100110200110300111100111200111300112100
0003000011000012000013000021000022000023000031000032000033000101000102000103000111000112000113000121000122000123000131000132000133000201000202000203000211000212
1033001101001102001103001111001112001113001121001122001123001131001132001133001201001202001203001211001212001213001221001222001223001231001232001233001301001302
0103000111000112000113000121000122000123000131000132000133000201000202000203000211000212000213000221000222000223000231000232000233000301000302000303000311000312
0120200120300121100121200121300122100122200122300123100123200123300130100130200130300131100131200131300132100132200132300133100133200133300200200300201100201200
0200030300031100031200031300032100032200032300033100033200033300100100200100300101100101200101300102100102200102300103100103200103300110100110200110300111100111
0120100120200120300121100121200121300122100122200122300123100123200123300130100130200130300131100131200131300132100132200132300133100133200133300200200300201100
1000022000023000031000032000033000101000102000103000111000112000113000121000122000123000131000132000133000201000202000203000211000212000213000221000222000223000
0010310010320010330011010011020011030011110011120011130011210011220011230011310011320011330012010012020012030012110012120012130012210012220012230012310012320012
3200103300110100110200110300111100111200111300112100112200112300113100113200113300120100120200120300121100121200121300122100122200122300123100123200123300130100
0230000310000320000330001010001020001030001110001120001130001210001220001230001310001320001330002010002020002030002110002120002130002210002220002230002310002320
0030200030300031100031200031300032100032200032300033100033200033300100100200100300101100101200101300102100102200102300103100103200103300110100110200110300111100
0100110200110300111100111200111300112100112200112300113100113200113300120100120200120300121100121200121300122100122200122300123100123200123300130100130200130300
2310002320002330003010003020003030003110003120003130003210003220003230003310003320003330010010020010030010110010120010130010210010220010230010310010320010330011
0121300122100122200122300123100123200123300130100130200130300131100131200131300132100132200132300133100133200133300200200300201100201200201300202100202200202300
0002220002230002310002320002330003010003020003030003110003120003130003210003220003230003310003320003330010010020010030010110010120010130010210010220010230010310
0012130012210012220012230012310012320012330013010013020013030013110013120013130013210013220013230013310013320013330020020030020110020120020130020210020220020230
0013300020100020200020300021100021200021300022100022200022300023100023200023300030100030200030300031100031200031300032100032200032300033100033200033300100100200
0001210001220001230001310001320001330002010002020002030002110002120002130002210002220002230002310002320002330003010003020003030003110003120003130003210003220003
0001010001020001030001110001120001130001210001220001230001310001320001330002010002020002030002110002120002130002210002220002230002310002320002330003010003020003
0100120200120300121100121200121300122100122200122300123100123200123300130100130200130300131100131200131300132100132200132300133100133200133300200200300201100201
0122200122300123100123200123300130100130200130300131100131200131300132100132200132300133100133200133300200200300201100201200201300202100202200202300203100203200
0000210000220000230000310000320000330001010001020001030001110001120001130001210001220001230001310001320001330002010002020002030002110002120002130002210002220002
1200101300102100102200102300103100103200103300110100110200110300111100111200111300112100112200112300113100113200113300120100120200120300121100121200121300122100
1022001023001031001032001033001101001102001103001111001112001113001121001122001123001131001132001133001201001202001203001211001212001213001221001222001223001231
0200120300121100121200121300122100122200122300123100123200123300130100130200130300131100131200131300132100132200132300133100133200133300200200300201100201200201
3200123300130100130200130300131100131200131300132100132200132300133100133200133300200200300201100201200201300202100202200202300203100203200203300210100210200210
0000220000230000310000320000330001010001020001030001110001120001130001210001220001230001310001320001330002010002020002030002110002120002130002210002220002230002
1220001230001310001320001330002010002020002030002110002120002130002210002220002230002310002320002330003010003020003030003110003120003130003210003220003230003310
0012020012030012110012120012130012210012220012230012310012320012330013010013020013030013110013120013130013210013220013230013310013320013330020020030020110020120
1000102000103000111000112000113000121000122000123000131000132000133000201000202000203000211000212000213000221000222000223000231000232000233000301000302000303000
0020100020200020300021100021200021300022100022200022300023100023200023300030100030200030300031100031200031300032100032200032300033100033200033300100100200100300
0012330013010013020013030013110013120013130013210013220013230013310013320013330020020030020110020120020130020210020220020230020310020320020330021010021020021030
3001101001102001103001111001112001113001121001122001123001131001132001133001201001202001203001211001212001213001221001222001223001231001232001233001301001302001
1133001201001202001203001211001212001213001221001222001223001231001232001233001301001302001303001311001312001313001321001322001323001331001332001333002002003002
3300020100020200020300021100021200021300022100022200022300023100023200023300030100030200030300031100031200031300032100032200032300033100033200033300100100200100
0011100011200011300012100012200012300013100013200013300020100020200020300021100021200021300022100022200022300023100023200023300030100030200030300031100031200031
0001230001310001320001330002010002020002030002110002120002130002210002220002230002310002320002330003010003020003030003110003120003130003210003220003230003310003
0113300120100120200120300121100121200121300122100122200122300123100123200123300130100130200130300131100131200131300132100132200132300133100133200133300200200300
0102200102300103100103200103300110100110200110300111100111200111300112100112200112300113100113200113300120100120200120300121100121200121300122100122200122300123
0300021100021200021300022100022200022300023100023200023300030100030200030300031100031200031300032100032200032300033100033200033300100100200100300101100101200101
0032200032300033100033200033300100100200100300101100101200101300102100102200102300103100103200103300110100110200110300111100111200111300112100112200112300113100
0330001010001020001030001110001120001130001210001220001230001310001320001330002010002020002030002110002120002130002210002220002230002310002320002330003010003020
0000020000030000110000120000130000210000220000230000310000320000330001010001020001030001110001120001130001210001220001230001310001320001330002010002020002030002
3330010010020010030010110010120010130010210010220010230010310010320010330011010011020011030011110011120011130011210011220011230011310011320011330012010012020012
0113100113200113300120100120200120300121100121200121300122100122200122300123100123200123300130100130200130300131100131200131300132100132200132300133100133200133
0011210011220011230011310011320011330012010012020012030012110012120012130012210012220012230012310012320012330013010013020013030013110013120013130013210013220013
1000012000013000021000022000023000031000032000033000101000102000103000111000112000113000121000122000123000131000132000133000201000202000203000211000212000213000
1032001033001101001102001103001111001112001113001121001122001123001131001132001133001201001202001203001211001212001213001221001222001223001231001232001233001301
0120300121100121200121300122100122200122300123100123200123300130100130200130300131100131200131300132100132200132300133100133200133300200200300201100201200201300
0103200103300110100110200110300111100111200111300112100112200112300113100113200113300120100120200120300121100121200121300122100122200122300123100123200123300130
0022200022300023100023200023300030100030200030300031100031200031300032100032200032300033100033200033300100100200100300101100101200101300102100102200102300103100
0102100102200102300103100103200103300110100110200110300111100111200111300112100112200112300113100113200113300120100120200120300121100121200121300122100122200122
1001222001223001231001232001233001301001302001303001311001312001313001321001322001323001331001332001333002002003002011002012002013002021002022002023002031002032
0102300103100103200103300110100110200110300111100111200111300112100112200112300113100113200113300120100120200120300121100121200121300122100122200122300123100123
2001013001021001022001023001031001032001033001101001102001103001111001112001113001121001122001123001131001132001133001201001202001203001211001212001213001221001
1003001011001012001013001021001022001023001031001032001033001101001102001103001111001112001113001121001122001123001131001132001133001201001202001203001211001212
2300033100033200033300100100200100300101100101200101300102100102200102300103100103200103300110100110200110300111100111200111300112100112200112300113100113200113
1020011030011110011120011130011210011220011230011310011320011330012010012020012030012110012120012130012210012220012230012310012320012330013010013020013030013110
0032100032200032300033100033200033300100100200100300101100101200101300102100102200102300103100103200103300110100110200110300111100111200111300112100112200112300
2100112200112300113100113200113300120100120200120300121100121200121300122100122200122300123100123200123300130100130200130300131100131200131300132100132200132300
2330003010003020003030003110003120003130003210003220003230003310003320003330010010020010030010110010120010130010210010220010230010310010320010330011010011020011
2001033001101001102001103001111001112001113001121001122001123001131001132001133001201001202001203001211001212001213001221001222001223001231001232001233001301001
1010001020001030001110001120001130001210001220001230001310001320001330002010002020002030002110002120002130002210002220002230002310002320002330003010003020003030
0320000330001010001020001030001110001120001130001210001220001230001310001320001330002010002020002030002110002120002130002210002220002230002310002320002330003010
2230002310002320002330003010003020003030003110003120003130003210003220003230003310003320003330010010020010030010110010120010130010210010220010230010310010320010
0113200113300120100120200120300121100121200121300122100122200122300123100123200123300130100130200130300131100131200131300132100132200132300133100133200133300200
0000320000330001010001020001030001110001120001130001210001220001230001310001320001330002010002020002030002110002120002130002210002220002230002310002320002330003
3001121001122001123001131001132001133001201001202001203001211001212001213001221001222001223001231001232001233001301001302001303001311001312001313001321001322001
1300002100002200002300003100003200003300010100010200010300011100011200011300012100012200012300013100013200013300020100020200020300021100021200021300022100022200
1231001232001233001301001302001303001311001312001313001321001322001323001331001332001333002002003002011002012002013002021002022002023002031002032002033002101002
0003310003320003330010010020010030010110010120010130010210010220010230010310010320010330011010011020011030011110011120011130011210011220011230011310011320011330
3100033200033300100100200100300101100101200101300102100102200102300103100103200103300110100110200110300111100111200111300112100112200112300113100113200113300120
0003120003130003210003220003230003310003320003330010010020010030010110010120010130010210010220010230010310010320010330011010011020011030011110011120011130011210
3200023300030100030200030300031100031200031300032100032200032300033100033200033300100100200100300101100101200101300102100102200102300103100103200103300110100110
0010100010200010300011100011200011300012100012200012300013100013200013300020100020200020300021100021200021300022100022200022300023100023200023300030100030200030
2200122300123100123200123300130100130200130300131100131200131300132100132200132300133100133200133300200200300201100201200201300202100202200202300203100203200203
0200010300011100011200011300012100012200012300013100013200013300020100020200020300021100021200021300022100022200022300023100023200023300030100030200030300031100
2130012210012220012230012310012320012330013010013020013030013110013120013130013210013220013230013310013320013330020020030020110020120020130020210020220020230020
3020003030003110003120003130003210003220003230003310003320003330010010020010030010110010120010130010210010220010230010310010320010330011010011020011030011110011
1000232000233000301000302000303000311000312000313000321000322000323000331000332000333001001002001003001011001012001013001021001022001023001031001032001033001101
2310012320012330013010013020013030013110013120013130013210013220013230013310013320013330020020030020110020120020130020210020220020230020310020320020330021010021
1200001300002100002200002300003100003200003300010100010200010300011100011200011300012100012200012300013100013200013300020100020200020300021100021200021300022100
1111001112001113001121001122001123001131001132001133001201001202001203001211001212001213001221001222001223001231001232001233001301001302001303001311001312001313
0021000022000023000031000032000033000101000102000103000111000112000113000121000122000123000131000132000133000201000202000203000211000212000213000221000222000223
0010130010210010220010230010310010320010330011010011020011030011110011120011130011210011220011230011310011320011330012010012020012030012110012120012130012210012
0111200111300112100112200112300113100113200113300120100120200120300121100121200121300122100122200122300123100123200123300130100130200130300131100131200131300132
2120002130002210002220002230002310002320002330003010003020003030003110003120003130003210003220003230003310003320003330010010020010030010110010120010130010210010
3310003320003330010010020010030010110010120010130010210010220010230010310010320010330011010011020011030011110011120011130011210011220011230011310011320011330012
3320003330010010020010030010110010120010130010210010220010230010310010320010330011010011020011030011110011120011130011210011220011230011310011320011330012010012
1000112000113000121000122000123000131000132000133000201000202000203000211000212000213000221000222000223000231000232000233000301000302000303000311000312000313000
1310001320001330002010002020002030002110002120002130002210002220002230002310002320002330003010003020003030003110003120003130003210003220003230003310003320003330
0010220010230010310010320010330011010011020011030011110011120011130011210011220011230011310011320011330012010012020012030012110012120012130012210012220012230012
1122001123001131001132001133001201001202001203001211001212001213001221001222001223001231001232001233001301001302001303001311001312001313001321001322001323001331
0001130001210001220001230001310001320001330002010002020002030002110002120002130002210002220002230002310002320002330003010003020003030003110003120003130003210003
0111100111200111300112100112200112300113100113200113300120100120200120300121100121200121300122100122200122300123100123200123300130100130200130300131100131200131
3200113300120100120200120300121100121200121300122100122200122300123100123200123300130100130200130300131100131200131300132100132200132300133100133200133300200200
0022300023100023200023300030100030200030300031100031200031300032100032200032300033100033200033300100100200100300101100101200101300102100102200102300103100103200
0123300130100130200130300131100131200131300132100132200132300133100133200133300200200300201100201200201300202100202200202300203100203200203300210100210200210300
3001111001112001113001121001122001123001131001132001133001201001202001203001211001212001213001221001222001223001231001232001233001301001302001303001311001312001
1110011120011130011210011220011230011310011320011330012010012020012030012110012120012130012210012220012230012310012320012330013010013020013030013110013120013130
0010210010220010230010310010320010330011010011020011030011110011120011130011210011220011230011310011320011330012010012020012030012110012120012130012210012220012
0012000013000021000022000023000031000032000033000101000102000103000111000112000113000121000122000123000131000132000133000201000202000203000211000212000213000221
0122300123100123200123300130100130200130300131100131200131300132100132200132300133100133200133300200200300201100201200201300202100202200202300203100203200203300
1220011230011310011320011330012010012020012030012110012120012130012210012220012230012310012320012330013010013020013030013110013120013130013210013220013230013310
1300022100022200022300023100023200023300030100030200030300031100031200031300032100032200032300033100033200033300100100200100300101100101200101300102100102200102
0123000131000132000133000201000202000203000211000212000213000221000222000223000231000232000233000301000302000303000311000312000313000321000322000323000331000332
0132000133000201000202000203000211000212000213000221000222000223000231000232000233000301000302000303000311000312000313000321000322000323000331000332000333001001
0011310011320011330012010012020012030012110012120012130012210012220012230012310012320012330013010013020013030013110013120013130013210013220013230013310013320013
1000222000223000231000232000233000301000302000303000311000312000313000321000322000323000331000332000333001001002001003001011001012001013001021001022001023001031
0012220012230012310012320012330013010013020013030013110013120013130013210013220013230013310013320013330020020030020110020120020130020210020220020230020310020320
0033000101000102000103000111000112000113000121000122000123000131000132000133000201000202000203000211000212000213000221000222000223000231000232000233000301000302
2001203001211001212001213001221001222001223001231001232001233001301001302001303001311001312001313001321001322001323001331001332001333002002003002011002012002013
2030012110012120012130012210012220012230012310012320012330013010013020013030013110013120013130013210013220013230013310013320013330020020030020110020120020130020
1001112001113001121001122001123001131001132001133001201001202001203001211001212001213001221001222001223001231001232001233001301001302001303001311001312001313001
2300113100113200113300120100120200120300121100121200121300122100122200122300123100123200123300130100130200130300131100131200131300132100132200132300133100133200
0003010003020003030003110003120003130003210003220003230003310003320003330010010020010030010110010120010130010210010220010230010310010320010330011010011020011030
0300001100001200001300002100002200002300003100003200003300010100010200010300011100011200011300012100012200012300013100013200013300020100020200020300021100021200
0000300001100001200001300002100002200002300003100003200003300010100010200010300011100011200011300012100012200012300013100013200013300020100020200020300021100021
1100011200011300012100012200012300013100013200013300020100020200020300021100021200021300022100022200022300023100023200023300030100030200030300031100031200031300
1132001133001201001202001203001211001212001213001221001222001223001231001232001233001301001302001303001311001312001313001321001322001323001331001332001333002002
0100000200000300001100001200001300002100002200002300003100003200003300010100010200010300011100011200011300012100012200012300013100013200013300020100020200020300
1103001111001112001113001121001122001123001131001132001133001201001202001203001211001212001213001221001222001223001231001232001233001301001302001303001311001312
2110012120012130012210012220012230012310012320012330013010013020013030013110013120013130013210013220013230013310013320013330020020030020110020120020130020210020
3100013200013300020100020200020300021100021200021300022100022200022300023100023200023300030100030200030300031100031200031300032100032200032300033100033200033300
3000321000322000323000331000332000333001001002001003001011001012001013001021001022001023001031001032001033001101001102001103001111001112001113001121001122001123
0022100022200022300023100023200023300030100030200030300031100031200031300032100032200032300033100033200033300100100200100300101100101200101300102100102200102300
3200013300020100020200020300021100021200021300022100022200022300023100023200023300030100030200030300031100031200031300032100032200032300033100033200033300100100
2100002200002300003100003200003300010100010200010300011100011200011300012100012200012300013100013200013300020100020200020300021100021200021300022100022200022300
3100003200003300010100010200010300011100011200011300012100012200012300013100013200013300020100020200020300021100021200021300022100022200022300023100023200023300
0012200012300013100013200013300020100020200020300021100021200021300022100022200022300023100023200023300030100030200030300031100031200031300032100032200032300033
0112000113000121000122000123000131000132000133000201000202000203000211000212000213000221000222000223000231000232000233000301000302000303000311000312000313000321
2300023100023200023300030100030200030300031100031200031300032100032200032300033100033200033300100100200100300101100101200101300102100102200102300103100103200103
1112001113001121001122001123001131001132001133001201001202001203001211001212001213001221001222001223001231001232001233001301001302001303001311001312001313001321
2200002300003100003200003300010100010200010300011100011200011300012100012200012300013100013200013300020100020200020300021100021200021300022100022200022300023100
0021300022100022200022300023100023200023300030100030200030300031100031200031300032100032200032300033100033200033300100100200100300101100101200101300102100102200
0012120012130012210012220012230012310012320012330013010013020013030013110013120013130013210013220013230013310013320013330020020030020110020120020130020210020220
1210011220011230011310011320011330012010012020012030012110012120012130012210012220012230012310012320012330013010013020013030013110013120013130013210013220013230
3001201001202001203001211001212001213001221001222001223001231001232001233001301001302001303001311001312001313001321001322001323001331001332001333002002003002011
0323000331000332000333001001002001003001011001012001013001021001022001023001031001032001033001101001102001103001111001112001113001121001122001123001131001132001
1300012100012200012300013100013200013300020100020200020300021100021200021300022100022200022300023100023200023300030100030200030300031100031200031300032100032200
0013000021000022000023000031000032000033000101000102000103000111000112000113000121000122000123000131000132000133000201000202000203000211000212000213000221000222
0000010000020000030000110000120000130000210000220000230000310000320000330001010001020001030001110001120001130001210001220001230001310001320001330002010002020002
0003220003230003310003320003330010010020010030010110010120010130010210010220010230010310010320010330011010011020011030011110011120011130011210011220011230011310
0001330002010002020002030002110002120002130002210002220002230002310002320002330003010003020003030003110003120003130003210003220003230003310003320003330010010020
3000231000232000233000301000302000303000311000312000313000321000322000323000331000332000333001001002001003001011001012001013001021001022001023001031001032001033
0220000230000310000320000330001010001020001030001110001120001130001210001220001230001310001320001330002010002020002030002110002120002130002210002220002230002310
0000130000210000220000230000310000320000330001010001020001030001110001120001130001210001220001230001310001320001330002010002020002030002110002120002130002210002
2020012030012110012120012130012210012220012230012310012320012330013010013020013030013110013120013130013210013220013230013310013320013330020020030020110020120020
0011010011020011030011110011120011130011210011220011230011310011320011330012010012020012030012110012120012130012210012220012230012310012320012330013010013020013
0010300011100011200011300012100012200012300013100013200013300020100020200020300021100021200021300022100022200022300023100023200023300030100030200030300031100031
0212000213000221000222000223000231000232000233000301000302000303000311000312000313000321000322000323000331000332000333001001002001003001011001012001013001021001
0002310002320002330003010003020003030003110003120003130003210003220003230003310003320003330010010020010030010110010120010130010210010220010230010310010320010330
1300112100112200112300113100113200113300120100120200120300121100121200121300122100122200122300123100123200123300130100130200130300131100131200131300132100132200
0002320002330003010003020003030003110003120003130003210003220003230003310003320003330010010020010030010110010120010130010210010220010230010310010320010330011010
0011110011120011130011210011220011230011310011320011330012010012020012030012110012120012130012210012220012230012310012320012330013010013020013030013110013120013
0021100021200021300022100022200022300023100023200023300030100030200030300031100031200031300032100032200032300033100033200033300100100200100300101100101200101300
0002020002030002110002120002130002210002220002230002310002320002330003010003020003030003110003120003130003210003220003230003310003320003330010010020010030010110
0003110003120003130003210003220003230003310003320003330010010020010030010110010120010130010210010220010230010310010320010330011010011020011030011110011120011130
0101200101300102100102200102300103100103200103300110100110200110300111100111200111300112100112200112300113100113200113300120100120200120300121100121200121300122
0012030012110012120012130012210012220012230012310012320012330013010013020013030013110013120013130013210013220013230013310013320013330020020030020110020120020130
3000121000122000123000131000132000133000201000202000203000211000212000213000221000222000223000231000232000233000301000302000303000311000312000313000321000322000
3300030100030200030300031100031200031300032100032200032300033100033200033300100100200100300101100101200101300102100102200102300103100103200103300110100110200110
1221001222001223001231001232001233001301001302001303001311001312001313001321001322001323001331001332001333002002003002011002012002013002021002022002023002031002
0200110300111100111200111300112100112200112300113100113200113300120100120200120300121100121200121300122100122200122300123100123200123300130100130200130300131100
0100300101100101200101300102100102200102300103100103200103300110100110200110300111100111200111300112100112200112300113100113200113300120100120200120300121100121
3001221001222001223001231001232001233001301001302001303001311001312001313001321001322001323001331001332001333002002003002011002012002013002021002022002023002031
0221000222000223000231000232000233000301000302000303000311000312000313000321000322000323000331000332000333001001002001003001011001012001013001021001022001023001
1213001221001222001223001231001232001233001301001302001303001311001312001313001321001322001323001331001332001333002002003002011002012002013002021002022002023002
0011230011310011320011330012010012020012030012110012120012130012210012220012230012310012320012330013010013020013030013110013120013130013210013220013230013310013
3210003220003230003310003320003330010010020010030010110010120010130010210010220010230010310010320010330011010011020011030011110011120011130011210011220011230011
1232001233001301001302001303001311001312001313001321001322001323001331001332001333002002003002011002012002013002021002022002023002031002032002033002101002102002
1100001200001300002100002200002300003100003200003300010100010200010300011100011200011300012100012200012300013100013200013300020100020200020300021100021200021300
2010002020002030002110002120002130002210002220002230002310002320002330003010003020003030003110003120003130003210003220003230003310003320003330010010020010030010
0000310000320000330001010001020001030001110001120001130001210001220001230001310001320001330002010002020002030002110002120002130002210002220002230002310002320002
0120000130000210000220000230000310000320000330001010001020001030001110001120001130001210001220001230001310001320001330002010002020002030002110002120002130002210
0010200010300011100011200011300012100012200012300013100013200013300020100020200020300021100021200021300022100022200022300023100023200023300030100030200030300031
1000202000203000211000212000213000221000222000223000231000232000233000301000302000303000311000312000313000321000322000323000331000332000333001001002001003001011
1203001211001212001213001221001222001223001231001232001233001301001302001303001311001312001313001321001322001323001331001332001333002002003002011002012002013002
0003330010010020010030010110010120010130010210010220010230010310010320010330011010011020011030011110011120011130011210011220011230011310011320011330012010012020
0122100122200122300123100123200123300130100130200130300131100131200131300132100132200132300133100133200133300200200300201100201200201300202100202200202300203100
3000201000202000203000211000212000213000221000222000223000231000232000233000301000302000303000311000312000313000321000322000323000331000332000333001001002001003
1000032000033000101000102000103000111000112000113000121000122000123000131000132000133000201000202000203000211000212000213000221000222000223000231000232000233000
0100030200030300031100031200031300032100032200032300033100033200033300100100200100300101100101200101300102100102200102300103100103200103300110100110200110300111
0001300002100002200002300003100003200003300010100010200010300011100011200011300012100012200012300013100013200013300020100020200020300021100021200021300022100022
0100200100300101100101200101300102100102200102300103100103200103300110100110200110300111100111200111300112100112200112300113100113200113300120100120200120300121
3000101000102000103000111000112000113000121000122000123000131000132000133000201000202000203000211000212000213000221000222000223000231000232000233000301000302000
1300102100102200102300103100103200103300110100110200110300111100111200111300112100112200112300113100113200113300120100120200120300121100121200121300122100122200
0023000031000032000033000101000102000103000111000112000113000121000122000123000131000132000133000201000202000203000211000212000213000221000222000223000231000232
0110010120010130010210010220010230010310010320010330011010011020011030011110011120011130011210011220011230011310011320011330012010012020012030012110012120012130
0030300031100031200031300032100032200032300033100033200033300100100200100300101100101200101300102100102200102300103100103200103300110100110200110300111100111200
1123001131001132001133001201001202001203001211001212001213001221001222001223001231001232001233001301001302001303001311001312001313001321001322001323001331001332
2000023000031000032000033000101000102000103000111000112000113000121000122000123000131000132000133000201000202000203000211000212000213000221000222000223000231000
0111300112100112200112300113100113200113300120100120200120300121100121200121300122100122200122300123100123200123300130100130200130300131100131200131300132100132
3220003230003310003320003330010010020010030010110010120010130010210010220010230010310010320010330011010011020011030011110011120011130011210011220011230011310011
3120003130003210003220003230003310003320003330010010020010030010110010120010130010210010220010230010310010320010330011010011020011030011110011120011130011210011
0331000332000333001001002001003001011001012001013001021001022001023001031001032001033001101001102001103001111001112001113001121001122001123001131001132001133001
2200012300013100013200013300020100020200020300021100021200021300022100022200022300023100023200023300030100030200030300031100031200031300032100032200032300033100
0001200001300002100002200002300003100003200003300010100010200010300011100011200011300012100012200012300013100013200013300020100020200020300021100021200021300022
2000223000231000232000233000301000302000303000311000312000313000321000322000323000331000332000333001001002001003001011001012001013001021001022001023001031001032
1101001102001103001111001112001113001121001122001123001131001132001133001201001202001203001211001212001213001221001222001223001231001232001233001301001302001303
1001202001203001211001212001213001221001222001223001231001232001233001301001302001303001311001312001313001321001322001323001331001332001333002002003002011002012
1001012001013001021001022001023001031001032001033001101001102001103001111001112001113001121001122001123001131001132001133001201001202001203001211001212001213001
0031300032100032200032300033100033200033300100100200100300101100101200101300102100102200102300103100103200103300110100110200110300111100111200111300112100112200
0002100002200002300003100003200003300010100010200010300011100011200011300012100012200012300013100013200013300020100020200020300021100021200021300022100022200022
0203000211000212000213000221000222000223000231000232000233000301000302000303000311000312000313000321000322000323000331000332000333001001002001003001011001012001
0310000320000330001010001020001030001110001120001130001210001220001230001310001320001330002010002020002030002110002120002130002210002220002230002310002320002330
0110000120000130000210000220000230000310000320000330001010001020001030001110001120001130001210001220001230001310001320001330002010002020002030002110002120002130
0033300100100200100300101100101200101300102100102200102300103100103200103300110100110200110300111100111200111300112100112200112300113100113200113300120100120200
2030002110002120002130002210002220002230002310002320002330003010003020003030003110003120003130003210003220003230003310003320003330010010020010030010110010120010
0011200011300012100012200012300013100013200013300020100020200020300021100021200021300022100022200022300023100023200023300030100030200030300031100031200031300032
0002130002210002220002230002310002320002330003010003020003030003110003120003130003210003220003230003310003320003330010010020010030010110010120010130010210010220
0110100110200110300111100111200111300112100112200112300113100113200113300120100120200120300121100121200121300122100122200122300123100123200123300130100130200130
1100021200021300022100022200022300023100023200023300030100030200030300031100031200031300032100032200032300033100033200033300100100200100300101100101200101300102
2020002030002110002120002130002210002220002230002310002320002330003010003020003030003110003120003130003210003220003230003310003320003330010010020010030010110010
0301000302000303000311000312000313000321000322000323000331000332000333001001002001003001011001012001013001021001022001023001031001032001033001101001102001103001
2330013010013020013030013110013120013130013210013220013230013310013320013330020020030020110020120020130020210020220020230020310020320020330021010021020021030021
0131000132000133000201000202000203000211000212000213000221000222000223000231000232000233000301000302000303000311000312000313000321000322000323000331000332000333
1001002001003001011001012001013001021001022001023001031001032001033001101001102001103001111001112001113001121001122001123001131001132001133001201001202001203001
2000203000211000212000213000221000222000223000231000232000233000301000302000303000311000312000313000321000322000323000331000332000333001001002001003001011001012
2000233000301000302000303000311000312000313000321000322000323000331000332000333001001002001003001011001012001013001021001022001023001031001032001033001101001102
0003210003220003230003310003320003330010010020010030010110010120010130010210010220010230010310010320010330011010011020011030011110011120011130011210011220011230
3100113200113300120100120200120300121100121200121300122100122200122300123100123200123300130100130200130300131100131200131300132100132200132300133100133200133300
2000103000111000112000113000121000122000123000131000132000133000201000202000203000211000212000213000221000222000223000231000232000233000301000302000303000311000
0121200121300122100122200122300123100123200123300130100130200130300131100131200131300132100132200132300133100133200133300200200300201100201200201300202100202200
3300010100010200010300011100011200011300012100012200012300013100013200013300020100020200020300021100021200021300022100022200022300023100023200023300030100030200
1000302000303000311000312000313000321000322000323000331000332000333001001002001003001011001012001013001021001022001023001031001032001033001101001102001103001111
1001122001123001131001132001133001201001202001203001211001212001213001221001222001223001231001232001233001301001302001303001311001312001313001321001322001323001
3001011001012001013001021001022001023001031001032001033001101001102001103001111001112001113001121001122001123001131001132001133001201001202001203001211001212001
0003130003210003220003230003310003320003330010010020010030010110010120010130010210010220010230010310010320010330011010011020011030011110011120011130011210011220
2200112300113100113200113300120100120200120300121100121200121300122100122200122300123100123200123300130100130200130300131100131200131300132100132200132300133100
0223000231000232000233000301000302000303000311000312000313000321000322000323000331000332000333001001002001003001011001012001013001021001022001023001031001032001
0023100023200023300030100030200030300031100031200031300032100032200032300033100033200033300100100200100300101100101200101300102100102200102300103100103200103300
3110003120003130003210003220003230003310003320003330010010020010030010110010120010130010210010220010230010310010320010330011010011020011030011110011120011130011
3001231001232001233001301001302001303001311001312001313001321001322001323001331001332001333002002003002011002012002013002021002022002023002031002032002033002101
0033100033200033300100100200100300101100101200101300102100102200102300103100103200103300110100110200110300111100111200111300112100112200112300113100113200113300
2100102200102300103100103200103300110100110200110300111100111200111300112100112200112300113100113200113300120100120200120300121100121200121300122100122200122300
1222001223001231001232001233001301001302001303001311001312001313001321001322001323001331001332001333002002003002011002012002013002021002022002023002031002032002
0001000002000003000011000012000013000021000022000023000031000032000033000101000102000103000111000112000113000121000122000123000131000132000133000201000202000203
3000211000212000213000221000222000223000231000232000233000301000302000303000311000312000313000321000322000323000331000332000333001001002001003001011001012001013
3300110100110200110300111100111200111300112100112200112300113100113200113300120100120200120300121100121200121300122100122200122300123100123200123300130100130200
0013200013300020100020200020300021100021200021300022100022200022300023100023200023300030100030200030300031100031200031300032100032200032300033100033200033300100
0011030011110011120011130011210011220011230011310011320011330012010012020012030012110012120012130012210012220012230012310012320012330013010013020013030013110013
0113000121000122000123000131000132000133000201000202000203000211000212000213000221000222000223000231000232000233000301000302000303000311000312000313000321000322
0031100031200031300032100032200032300033100033200033300100100200100300101100101200101300102100102200102300103100103200103300110100110200110300111100111200111300
0001120001130001210001220001230001310001320001330002010002020002030002110002120002130002210002220002230002310002320002330003010003020003030003110003120003130003
1001132001133001201001202001203001211001212001213001221001222001223001231001232001233001301001302001303001311001312001313001321001322001323001331001332001333002
0200100300101100101200101300102100102200102300103100103200103300110100110200110300111100111200111300112100112200112300113100113200113300120100120200120300121100
0210010220010230010310010320010330011010011020011030011110011120011130011210011220011230011310011320011330012010012020012030012110012120012130012210012220012230
1001102001103001111001112001113001121001122001123001131001132001133001201001202001203001211001212001213001221001222001223001231001232001233001301001302001303001
1021001022001023001031001032001033001101001102001103001111001112001113001121001122001123001131001132001133001201001202001203001211001212001213001221001222001223
1000212000213000221000222000223000231000232000233000301000302000303000311000312000313000321000322000323000331000332000333001001002001003001011001012001013001021
2001023001031001032001033001101001102001103001111001112001113001121001122001123001131001132001133001201001202001203001211001212001213001221001222001223001231001
0121100121200121300122100122200122300123100123200123300130100130200130300131100131200131300132100132200132300133100133200133300200200300201100201200201300202100
2320012330013010013020013030013110013120013130013210013220013230013310013320013330020020030020110020120020130020210020220020230020310020320020330021010021020021
0233000301000302000303000311000312000313000321000322000323000331000332000333001001002001003001011001012001013001021001022001023001031001032001033001101001102001
2001213001221001222001223001231001232001233001301001302001303001311001312001313001321001322001323001331001332001333002002003002011002012002013002021002022002023
2100012200012300013100013200013300020100020200020300021100021200021300022100022200022300023100023200023300030100030200030300031100031200031300032100032200032300
0303000311000312000313000321000322000323000331000332000333001001002001003001011001012001013001021001022001023001031001032001033001101001102001103001111001112001
0023300030100030200030300031100031200031300032100032200032300033100033200033300100100200100300101100101200101300102100102200102300103100103200103300110100110200
0003100003200003300010100010200010300011100011200011300012100012200012300013100013200013300020100020200020300021100021200021300022100022200022300023100023200023
0322000323000331000332000333001001002001003001011001012001013001021001022001023001031001032001033001101001102001103001111001112001113001121001122001123001131001
1330012010012020012030012110012120012130012210012220012230012310012320012330013010013020013030013110013120013130013210013220013230013310013320013330020020030020
3230003310003320003330010010020010030010110010120010130010210010220010230010310010320010330011010011020011030011110011120011130011210011220011230011310011320011
0000120000130000210000220000230000310000320000330001010001020001030001110001120001130001210001220001230001310001320001330002010002020002030002110002120002130002
1001022001023001031001032001033001101001102001103001111001112001113001121001122001123001131001132001133001201001202001203001211001212001213001221001222001223001
1102001103001111001112001113001121001122001123001131001132001133001201001202001203001211001212001213001221001222001223001231001232001233001301001302001303001311
0022000023000031000032000033000101000102000103000111000112000113000121000122000123000131000132000133000201000202000203000211000212000213000221000222000223000231
0121000122000123000131000132000133000201000202000203000211000212000213000221000222000223000231000232000233000301000302000303000311000312000313000321000322000323
2300103100103200103300110100110200110300111100111200111300112100112200112300113100113200113300120100120200120300121100121200121300122100122200122300123100123200
1120001130001210001220001230001310001320001330002010002020002030002110002120002130002210002220002230002310002320002330003010003020003030003110003120003130003210
0000110000120000130000210000220000230000310000320000330001010001020001030001110001120001130001210001220001230001310001320001330002010002020002030002110002120002
0002110002120002130002210002220002230002310002320002330003010003020003030003110003120003130003210003220003230003310003320003330010010020010030010110010120010130
0010230010310010320010330011010011020011030011110011120011130011210011220011230011310011320011330012010012020012030012110012120012130012210012220012230012310012
1330002010002020002030002110002120002130002210002220002230002310002320002330003010003020003030003110003120003130003210003220003230003310003320003330010010020010
3001021001022001023001031001032001033001101001102001103001111001112001113001121001122001123001131001132001133001201001202001203001211001212001213001221001222001
0201000202000203000211000212000213000221000222000223000231000232000233000301000302000303000311000312000313000321000322000323000331000332000333001001002001003001
0312000313000321000322000323000331000332000333001001002001003001011001012001013001021001022001023001031001032001033001101001102001103001111001112001113001121001
0002000003000011000012000013000021000022000023000031000032000033000101000102000103000111000112000113000121000122000123000131000132000133000201000202000203000211
1020001030001110001120001130001210001220001230001310001320001330002010002020002030002110002120002130002210002220002230002310002320002330003010003020003030003110
1320011330012010012020012030012110012120012130012210012220012230012310012320012330013010013020013030013110013120013130013210013220013230013310013320013330020020
3130003210003220003230003310003320003330010010020010030010110010120010130010210010220010230010310010320010330011010011020011030011110011120011130011210011220011
2200102300103100103200103300110100110200110300111100111200111300112100112200112300113100113200113300120100120200120300121100121200121300122100122200122300123100
0010030010110010120010130010210010220010230010310010320010330011010011020011030011110011120011130011210011220011230011310011320011330012010012020012030012110012
3000021000022000023000031000032000033000101000102000103000111000112000113000121000122000123000131000132000133000201000202000203000211000212000213000221000222000
0321000322000323000331000332000333001001002001003001011001012001013001021001022001023001031001032001033001101001102001103001111001112001113001121001122001123001
1023001031001032001033001101001102001103001111001112001113001121001122001123001131001132001133001201001202001203001211001212001213001221001222001223001231001232
0110300111100111200111300112100112200112300113100113200113300120100120200120300121100121200121300122100122200122300123100123200123300130100130200130300131100131
1211001212001213001221001222001223001231001232001233001301001302001303001311001312001313001321001322001323001331001332001333002002003002011002012002013002021002
0123100123200123300130100130200130300131100131200131300132100132200132300133100133200133300200200300201100201200201300202100202200202300203100203200203300210100
0001220001230001310001320001330002010002020002030002110002120002130002210002220002230002310002320002330003010003020003030003110003120003130003210003220003230003
0002210002220002230002310002320002330003010003020003030003110003120003130003210003220003230003310003320003330010010020010030010110010120010130010210010220010230
1001212001213001221001222001223001231001232001233001301001302001303001311001312001313001321001322001323001331001332001333002002003002011002012002013002021002022
0100020200020300021100021200021300022100022200022300023100023200023300030100030200030300031100031200031300032100032200032300033100033200033300100100200100300101
0001110001120001130001210001220001230001310001320001330002010002020002030002110002120002130002210002220002230002310002320002330003010003020003030003110003120003
0010320010330011010011020011030011110011120011130011210011220011230011310011320011330012010012020012030012110012120012130012210012220012230012310012320012330013
1120011130011210011220011230011310011320011330012010012020012030012110012120012130012210012220012230012310012320012330013010013020013030013110013120013130013210
0003300010100010200010300011100011200011300012100012200012300013100013200013300020100020200020300021100021200021300022100022200022300023100023200023300030100030
3200033300100100200100300101100101200101300102100102200102300103100103200103300110100110200110300111100111200111300112100112200112300113100113200113300120100120
0011300012100012200012300013100013200013300020100020200020300021100021200021300022100022200022300023100023200023300030100030200030300031100031200031300032100032
2300013100013200013300020100020200020300021100021200021300022100022200022300023100023200023300030100030200030300031100031200031300032100032200032300033100033200
0030000110000120000130000210000220000230000310000320000330001010001020001030001110001120001130001210001220001230001310001320001330002010002020002030002110002120
0001100001200001300002100002200002300003100003200003300010100010200010300011100011200011300012100012200012300013100013200013300020100020200020300021100021200021
1001032001033001101001102001103001111001112001113001121001122001123001131001132001133001201001202001203001211001212001213001221001222001223001231001232001233001
1300122100122200122300123100123200123300130100130200130300131100131200131300132100132200132300133100133200133300200200300201100201200201300202100202200202300203
0031000032000033000101000102000103000111000112000113000121000122000123000131000132000133000201000202000203000211000212000213000221000222000223000231000232000233
0020010030010110010120010130010210010220010230010310010320010330011010011020011030011110011120011130011210011220011230011310011320011330012010012020012030012110
2210002220002230002310002320002330003010003020003030003110003120003130003210003220003230003310003320003330010010020010030010110010120010130010210010220010230010
1100101200101300102100102200102300103100103200103300110100110200110300111100111200111300112100112200112300113100113200113300120100120200120300121100121200121300
2000003000011000012000013000021000022000023000031000032000033000101000102000103000111000112000113000121000122000123000131000132000133000201000202000203000211000
1000122000123000131000132000133000201000202000203000211000212000213000221000222000223000231000232000233000301000302000303000311000312000313000321000322000323000
3000111000112000113000121000122000123000131000132000133000201000202000203000211000212000213000221000222000223000231000232000233000301000302000303000311000312000
0001320001330002010002020002030002110002120002130002210002220002230002310002320002330003010003020003030003110003120003130003210003220003230003310003320003330010
1000322000323000331000332000333001001002001003001011001012001013001021001022001023001031001032001033001101001102001103001111001112001113001121001122001123001131
0003200003300010100010200010300011100011200011300012100012200012300013100013200013300020100020200020300021100021200021300022100022200022300023100023200023300030
0000100000200000300001100001200001300002100002200002300003100003200003300010100010200010300011100011200011300012100012200012300013100013200013300020100020200020
2000213000221000222000223000231000232000233000301000302000303000311000312000313000321000322000323000331000332000333001001002001003001011001012001013001021001022
1113001121001122001123001131001132001133001201001202001203001211001212001213001221001222001223001231001232001233001301001302001303001311001312001313001321001322
2000123000131000132000133000201000202000203000211000212000213000221000222000223000231000232000233000301000302000303000311000312000313000321000322000323000331000
0012310012320012330013010013020013030013110013120013130013210013220013230013310013320013330020020030020110020120020130020210020220020230020310020320020330021010
3200003300010100010200010300011100011200011300012100012200012300013100013200013300020100020200020300021100021200021300022100022200022300023100023200023300030100
1001232001233001301001302001303001311001312001313001321001322001323001331001332001333002002003002011002012002013002021002022002023002031002032002033002101002102
1230001310001320001330002010002020002030002110002120002130002210002220002230002310002320002330003010003020003030003110003120003130003210003220003230003310003320
0032000033000101000102000103000111000112000113000121000122000123000131000132000133000201000202000203000211000212000213000221000222000223000231000232000233000301
3000131000132000133000201000202000203000211000212000213000221000222000223000231000232000233000301000302000303000311000312000313000321000322000323000331000332000
0011120011130011210011220011230011310011320011330012010012020012030012110012120012130012210012220012230012310012320012330013010013020013030013110013120013130013
3000331000332000333001001002001003001011001012001013001021001022001023001031001032001033001101001102001103001111001112001113001121001122001123001131001132001133
2220012230012310012320012330013010013020013030013110013120013130013210013220013230013310013320013330020020030020110020120020130020210020220020230020310020320020
0103100103200103300110100110200110300111100111200111300112100112200112300113100113200113300120100120200120300121100121200121300122100122200122300123100123200123
0020300021100021200021300022100022200022300023100023200023300030100030200030300031100031200031300032100032200032300033100033200033300100100200100300101100101200
0012210012220012230012310012320012330013010013020013030013110013120013130013210013220013230013310013320013330020020030020110020120020130020210020220020230020310
2000313000321000322000323000331000332000333001001002001003001011001012001013001021001022001023001031001032001033001101001102001103001111001112001113001121001122
2000013000021000022000023000031000032000033000101000102000103000111000112000113000121000122000123000131000132000133000201000202000203000211000212000213000221000
1200031300032100032200032300033100033200033300100100200100300101100101200101300102100102200102300103100103200103300110100110200110300111100111200111300112100112
2001223001231001232001233001301001302001303001311001312001313001321001322001323001331001332001333002002003002011002012002013002021002022002023002031002032002033
2110002120002130002210002220002230002310002320002330003010003020003030003110003120003130003210003220003230003310003320003330010010020010030010110010120010130010
2000303000311000312000313000321000322000323000331000332000333001001002001003001011001012001013001021001022001023001031001032001033001101001102001103001111001112
0001310001320001330002010002020002030002110002120002130002210002220002230002310002320002330003010003020003030003110003120003130003210003220003230003310003320003
1210001220001230001310001320001330002010002020002030002110002120002130002210002220002230002310002320002330003010003020003030003110003120003130003210003220003230
2001003001011001012001013001021001022001023001031001032001033001101001102001103001111001112001113001121001122001123001131001132001133001201001202001203001211001
0012100012200012300013100013200013300020100020200020300021100021200021300022100022200022300023100023200023300030100030200030300031100031200031300032100032200032
0010000020000030000110000120000130000210000220000230000310000320000330001010001020001030001110001120001130001210001220001230001310001320001330002010002020002030
1000132000133000201000202000203000211000212000213000221000222000223000231000232000233000301000302000303000311000312000313000321000322000323000331000332000333001
1300032100032200032300033100033200033300100100200100300101100101200101300102100102200102300103100103200103300110100110200110300111100111200111300112100112200112
1200021300022100022200022300023100023200023300030100030200030300031100031200031300032100032200032300033100033200033300100100200100300101100101200101300102100102
0332000333001001002001003001011001012001013001021001022001023001031001032001033001101001102001103001111001112001113001121001122001123001131001132001133001201001
0000230000310000320000330001010001020001030001110001120001130001210001220001230001310001320001330002010002020002030002110002120002130002210002220002230002310002
0023200023300030100030200030300031100031200031300032100032200032300033100033200033300100100200100300101100101200101300102100102200102300103100103200103300110100
1201001202001203001211001212001213001221001222001223001231001232001233001301001302001303001311001312001313001321001322001323001331001332001333002002003002011002
0011220011230011310011320011330012010012020012030012110012120012130012210012220012230012310012320012330013010013020013030013110013120013130013210013220013230013
1212001213001221001222001223001231001232001233001301001302001303001311001312001313001321001322001323001331001332001333002002003002011002012002013002021002022002
0001030001110001120001130001210001220001230001310001320001330002010002020002030002110002120002130002210002220002230002310002320002330003010003020003030003110003
0112300113100113200113300120100120200120300121100121200121300122100122200122300123100123200123300130100130200130300131100131200131300132100132200132300133100133
0300101100101200101300102100102200102300103100103200103300110100110200110300111100111200111300112100112200112300113100113200113300120100120200120300121100121200
0120010130010210010220010230010310010320010330011010011020011030011110011120011130011210011220011230011310011320011330012010012020012030012110012120012130012210
0133000201000202000203000211000212000213000221000222000223000231000232000233000301000302000303000311000312000313000321000322000323000331000332000333001001002001
0002230002310002320002330003010003020003030003110003120003130003210003220003230003310003320003330010010020010030010110010120010130010210010220010230010310010320
0003020003030003110003120003130003210003220003230003310003320003330010010020010030010110010120010130010210010220010230010310010320010330011010011020011030011110
0010010020010030010110010120010130010210010220010230010310010320010330011010011020011030011110011120011130011210011220011230011310011320011330012010012020012030
0010110010120010130010210010220010230010310010320010330011010011020011030011110011120011130011210011220011230011310011320011330012010012020012030012110012120012
0002200002300003100003200003300010100010200010300011100011200011300012100012200012300013100013200013300020100020200020300021100021200021300022100022200022300023
1100121200121300122100122200122300123100123200123300130100130200130300131100131200131300132100132200132300133100133200133300200200300201100201200201300202100202
0101300102100102200102300103100103200103300110100110200110300111100111200111300112100112200112300113100113200113300120100120200120300121100121200121300122100122
1202001203001211001212001213001221001222001223001231001232001233001301001302001303001311001312001313001321001322001323001331001332001333002002003002011002012002
0122000123000131000132000133000201000202000203000211000212000213000221000222000223000231000232000233000301000302000303000311000312000313000321000322000323000331
2000033000101000102000103000111000112000113000121000122000123000131000132000133000201000202000203000211000212000213000221000222000223000231000232000233000301000
0210000220000230000310000320000330001010001020001030001110001120001130001210001220001230001310001320001330002010002020002030002110002120002130002210002220002230
0311000312000313000321000322000323000331000332000333001001002001003001011001012001013001021001022001023001031001032001033001101001102001103001111001112001113001
0002330003010003020003030003110003120003130003210003220003230003310003320003330010010020010030010110010120010130010210010220010230010310010320010330011010011020
2200022300023100023200023300030100030200030300031100031200031300032100032200032300033100033200033300100100200100300101100101200101300102100102200102300103100103
3001001002001003001011001012001013001021001022001023001031001032001033001101001102001103001111001112001113001121001122001123001131001132001133001201001202001203
1110001120001130001210001220001230001310001320001330002010002020002030002110002120002130002210002220002230002310002320002330003010003020003030003110003120003130
0300031100031200031300032100032200032300033100033200033300100100200100300101100101200101300102100102200102300103100103200103300110100110200110300111100111200111
0003320003330010010020010030010110010120010130010210010220010230010310010320010330011010011020011030011110011120011130011210011220011230011310011320011330012010
0300111100111200111300112100112200112300113100113200113300120100120200120300121100121200121300122100122200122300123100123200123300130100130200130300131100131200
0002300003100003200003300010100010200010300011100011200011300012100012200012300013100013200013300020100020200020300021100021200021300022100022200022300023100023
1130001210001220001230001310001320001330002010002020002030002110002120002130002210002220002230002310002320002330003010003020003030003110003120003130003210003220
0101000102000103000111000112000113000121000122000123000131000132000133000201000202000203000211000212000213000221000222000223000231000232000233000301000302000303
0020200020300021100021200021300022100022200022300023100023200023300030100030200030300031100031200031300032100032200032300033100033200033300100100200100300101100
0000330001010001020001030001110001120001130001210001220001230001310001320001330002010002020002030002110002120002130002210002220002230002310002320002330003010003
2210012220012230012310012320012330013010013020013030013110013120013130013210013220013230013310013320013330020020030020110020120020130020210020220020230020310020
2230012310012320012330013010013020013030013110013120013130013210013220013230013310013320013330020020030020110020120020130020210020220020230020310020320020330021
0000030000110000120000130000210000220000230000310000320000330001010001020001030001110001120001130001210001220001230001310001320001330002010002020002030002110002
0032300033100033200033300100100200100300101100101200101300102100102200102300103100103200103300110100110200110300111100111200111300112100112200112300113100113200
0002030002110002120002130002210002220002230002310002320002330003010003020003030003110003120003130003210003220003230003310003320003330010010020010030010110010120
0123200123300130100130200130300131100131200131300132100132200132300133100133200133300200200300201100201200201300202100202200202300203100203200203300210100210200
2120012130012210012220012230012310012320012330013010013020013030013110013120013130013210013220013230013310013320013330020020030020110020120020130020210020220020
1310011320011330012010012020012030012110012120012130012210012220012230012310012320012330013010013020013030013110013120013130013210013220013230013310013320013330
1002001003001011001012001013001021001022001023001031001032001033001101001102001103001111001112001113001121001122001123001131001132001133001201001202001203001211
1200011300012100012200012300013100013200013300020100020200020300021100021200021300022100022200022300023100023200023300030100030200030300031100031200031300032100
0010120010130010210010220010230010310010320010330011010011020011030011110011120011130011210011220011230011310011320011330012010012020012030012110012120012130012
2000333001001002001003001011001012001013001021001022001023001031001032001033001101001102001103001111001112001113001121001122001123001131001132001133001201001202
0110200110300111100111200111300112100112200112300113100113200113300120100120200120300121100121200121300122100122200122300123100123200123300130100130200130300131
3300120100120200120300121100121200121300122100122200122300123100123200123300130100130200130300131100131200131300132100132200132300133100133200133300200200300201
0300121100121200121300122100122200122300123100123200123300130100130200130300131100131200131300132100132200132300133100133200133300200200300201100201200201300202
1011001012001013001021001022001023001031001032001033001101001102001103001111001112001113001121001122001123001131001132001133001201001202001203001211001212001213
0012110012120012130012210012220012230012310012320012330013010013020013030013110013120013130013210013220013230013310013320013330020020030020110020120020130020210
3100023200023300030100030200030300031100031200031300032100032200032300033100033200033300100100200100300101100101200101300102100102200102300103100103200103300110
1000332000333001001002001003001011001012001013001021001022001023001031001032001033001101001102001103001111001112001113001121001122001123001131001132001133001201
3100123200123300130100130200130300131100131200131300132100132200132300133100133200133300200200300201100201200201300202100202200202300203100203200203300210100210
0030100030200030300031100031200031300032100032200032300033100033200033300100100200100300101100101200101300102100102200102300103100103200103300110100110200110300
0013100013200013300020100020200020300021100021200021300022100022200022300023100023200023300030100030200030300031100031200031300032100032200032300033100033200033
3000311000312000313000321000322000323000331000332000333001001002001003001011001012001013001021001022001023001031001032001033001101001102001103001111001112001113
0102000103000111000112000113000121000122000123000131000132000133000201000202000203000211000212000213000221000222000223000231000232000233000301000302000303000311
0330011010011020011030011110011120011130011210011220011230011310011320011330012010012020012030012110012120012130012210012220012230012310012320012330013010013020
1000312000313000321000322000323000331000332000333001001002001003001011001012001013001021001022001023001031001032001033001101001102001103001111001112001113001121
1121001122001123001131001132001133001201001202001203001211001212001213001221001222001223001231001232001233001301001302001303001311001312001313001321001322001323
0202000203000211000212000213000221000222000223000231000232000233000301000302000303000311000312000313000321000322000323000331000332000333001001002001003001011001
0101100101200101300102100102200102300103100103200103300110100110200110300111100111200111300112100112200112300113100113200113300120100120200120300121100121200121
2300123100123200123300130100130200130300131100131200131300132100132200132300133100133200133300200200300201100201200201300202100202200202300203100203200203300210
3300100100200100300101100101200101300102100102200102300103100103200103300110100110200110300111100111200111300112100112200112300113100113200113300120100120200120
1230011310011320011330012010012020012030012110012120012130012210012220012230012310012320012330013010013020013030013110013120013130013210013220013230013310013320
1200121300122100122200122300123100123200123300130100130200130300131100131200131300132100132200132300133100133200133300200200300201100201200201300202100202200202
2000133000201000202000203000211000212000213000221000222000223000231000232000233000301000302000303000311000312000313000321000322000323000331000332000333001001002
0001020001030001110001120001130001210001220001230001310001320001330002010002020002030002110002120002130002210002220002230002310002320002330003010003020003030003
1100031200031300032100032200032300033100033200033300100100200100300101100101200101300102100102200102300103100103200103300110100110200110300111100111200111300112
2010012020012030012110012120012130012210012220012230012310012320012330013010013020013030013110013120013130013210013220013230013310013320013330020020030020110020
2200032300033100033200033300100100200100300101100101200101300102100102200102300103100103200103300110100110200110300111100111200111300112100112200112300113100113
0222000223000231000232000233000301000302000303000311000312000313000321000322000323000331000332000333001001002001003001011001012001013001021001022001023001031001
2001103001111001112001113001121001122001123001131001132001133001201001202001203001211001212001213001221001222001223001231001232001233001301001302001303001311001
1131001132001133001201001202001203001211001212001213001221001222001223001231001232001233001301001302001303001311001312001313001321001322001323001331001332001333
0320010330011010011020011030011110011120011130011210011220011230011310011320011330012010012020012030012110012120012130012210012220012230012310012320012330013010
0021200021300022100022200022300023100023200023300030100030200030300031100031200031300032100032200032300033100033200033300100100200100300101100101200101300102100
1320001330002010002020002030002110002120002130002210002220002230002310002320002330003010003020003030003110003120003130003210003220003230003310003320003330010010
0003030003110003120003130003210003220003230003310003320003330010010020010030010110010120010130010210010220010230010310010320010330011010011020011030011110011120
0010020010030010110010120010130010210010220010230010310010320010330011010011020011030011110011120011130011210011220011230011310011320011330012010012020012030012
1130011210011220011230011310011320011330012010012020012030012110012120012130012210012220012230012310012320012330013010013020013030013110013120013130013210013220
3000011000012000013000021000022000023000031000032000033000101000102000103000111000112000113000121000122000123000131000132000133000201000202000203000211000212000
0012300013100013200013300020100020200020300021100021200021300022100022200022300023100023200023300030100030200030300031100031200031300032100032200032300033100033
0003230003310003320003330010010020010030010110010120010130010210010220010230010310010320010330011010011020011030011110011120011130011210011220011230011310011320
0213000221000222000223000231000232000233000301000302000303000311000312000313000321000322000323000331000332000333001001002001003001011001012001013001021001022001
1012001013001021001022001023001031001032001033001101001102001103001111001112001113001121001122001123001131001132001133001201001202001203001211001212001213001221
0230010310010320010330011010011020011030011110011120011130011210011220011230011310011320011330012010012020012030012110012120012130012210012220012230012310012320
0012010012020012030012110012120012130012210012220012230012310012320012330013010013020013030013110013120013130013210013220013230013310013320013330020020030020110
0231000232000233000301000302000303000311000312000313000321000322000323000331000332000333001001002001003001011001012001013001021001022001023001031001032001033001
0220010230010310010320010330011010011020011030011110011120011130011210011220011230011310011320011330012010012020012030012110012120012130012210012220012230012310
0310010320010330011010011020011030011110011120011130011210011220011230011310011320011330012010012020012030012110012120012130012210012220012230012310012320012330
3001211001212001213001221001222001223001231001232001233001301001302001303001311001312001313001321001322001323001331001332001333002002003002011002012002013002021
3000301000302000303000311000312000313000321000322000323000331000332000333001001002001003001011001012001013001021001022001023001031001032001033001101001102001103
0130010210010220010230010310010320010330011010011020011030011110011120011130011210011220011230011310011320011330012010012020012030012110012120012130012210012220
0333001001002001003001011001012001013001021001022001023001031001032001033001101001102001103001111001112001113001121001122001123001131001132001133001201001202001
0012320012330013010013020013030013110013120013130013210013220013230013310013320013330020020030020110020120020130020210020220020230020310020320020330021010021020
1031001032001033001101001102001103001111001112001113001121001122001123001131001132001133001201001202001203001211001212001213001221001222001223001231001232001233
0011020011030011110011120011130011210011220011230011310011320011330012010012020012030012110012120012130012210012220012230012310012320012330013010013020013030013
2000323000331000332000333001001002001003001011001012001013001021001022001023001031001032001033001101001102001103001111001112001113001121001122001123001131001132
0011130011210011220011230011310011320011330012010012020012030012110012120012130012210012220012230012310012320012330013010013020013030013110013120013130013210013
2001133001201001202001203001211001212001213001221001222001223001231001232001233001301001302001303001311001312001313001321001322001323001331001332001333002002003
1030001110001120001130001210001220001230001310001320001330002010002020002030002110002120002130002210002220002230002310002320002330003010003020003030003110003120
1030011110011120011130011210011220011230011310011320011330012010012020012030012110012120012130012210012220012230012310012320012330013010013020013030013110013120
1200111300112100112200112300113100113200113300120100120200120300121100121200121300122100122200122300123100123200123300130100130200130300131100131200131300132100
0002120002130002210002220002230002310002320002330003010003020003030003110003120003130003210003220003230003310003320003330010010020010030010110010120010130010210
3000031000032000033000101000102000103000111000112000113000121000122000123000131000132000133000201000202000203000211000212000213000221000222000223000231000232000
1013001021001022001023001031001032001033001101001102001103001111001112001113001121001122001123001131001132001133001201001202001203001211001212001213001221001222
0020000030000110000120000130000210000220000230000310000320000330001010001020001030001110001120001130001210001220001230001310001320001330002010002020002030002110
3000221000222000223000231000232000233000301000302000303000311000312000313000321000322000323000331000332000333001001002001003001011001012001013001021001022001023
0103300110100110200110300111100111200111300112100112200112300113100113200113300120100120200120300121100121200121300122100122200122300123100123200123300130100130
2100122200122300123100123200123300130100130200130300131100131200131300132100132200132300133100133200133300200200300201100201200201300202100202200202300203100203
2130002210002220002230002310002320002330003010003020003030003110003120003130003210003220003230003310003320003330010010020010030010110010120010130010210010220010
0112100112200112300113100113200113300120100120200120300121100121200121300122100122200122300123100123200123300130100130200130300131100131200131300132100132200132
1233001301001302001303001311001312001313001321001322001323001331001332001333002002003002011002012002013002021002022002023002031002032002033002101002102002103002
3001131001132001133001201001202001203001211001212001213001221001222001223001231001232001233001301001302001303001311001312001313001321001322001323001331001332001
0012230012310012320012330013010013020013030013110013120013130013210013220013230013310013320013330020020030020110020120020130020210020220020230020310020320020330
0111000112000113000121000122000123000131000132000133000201000202000203000211000212000213000221000222000223000231000232000233000301000302000303000311000312000313
0112200112300113100113200113300120100120200120300121100121200121300122100122200122300123100123200123300130100130200130300131100131200131300132100132200132300133
0232000233000301000302000303000311000312000313000321000322000323000331000332000333001001002001003001011001012001013001021001022001023001031001032001033001101001
0313000321000322000323000331000332000333001001002001003001011001012001013001021001022001023001031001032001033001101001102001103001111001112001113001121001122001
2001113001121001122001123001131001132001133001201001202001203001211001212001213001221001222001223001231001232001233001301001302001303001311001312001313001321001
0010330011010011020011030011110011120011130011210011220011230011310011320011330012010012020012030012110012120012130012210012220012230012310012320012330013010013
1100111200111300112100112200112300113100113200113300120100120200120300121100121200121300122100122200122300123100123200123300130100130200130300131100131200131300
2320002330003010003020003030003110003120003130003210003220003230003310003320003330010010020010030010110010120010130010210010220010230010310010320010330011010011
0011330012010012020012030012110012120012130012210012220012230012310012320012330013010013020013030013110013120013130013210013220013230013310013320013330020020030
0002010002020002030002110002120002130002210002220002230002310002320002330003010003020003030003110003120003130003210003220003230003310003320003330010010020010030
2100022200022300023100023200023300030100030200030300031100031200031300032100032200032300033100033200033300100100200100300101100101200101300102100102200102300103
0302000303000311000312000313000321000322000323000331000332000333001001002001003001011001012001013001021001022001023001031001032001033001101001102001103001111001
3100103200103300110100110200110300111100111200111300112100112200112300113100113200113300120100120200120300121100121200121300122100122200122300123100123200123300
2001123001131001132001133001201001202001203001211001212001213001221001222001223001231001232001233001301001302001303001311001312001313001321001322001323001331001
2220002230002310002320002330003010003020003030003110003120003130003210003220003230003310003320003330010010020010030010110010120010130010210010220010230010310010
0000001000002000003000011000012000013000021000022000023000031000032000033000101000102000103000111000112000113000121000122000123000131000132000133000201000202000
0033200033300100100200100300101100101200101300102100102200102300103100103200103300110100110200110300111100111200111300112100112200112300113100113200113300120100
0130000210000220000230000310000320000330001010001020001030001110001120001130001210001220001230001310001320001330002010002020002030002110002120002130002210002220
0300011100011200011300012100012200012300013100013200013300020100020200020300021100021200021300022100022200022300023100023200023300030100030200030300031100031200
0100010200010300011100011200011300012100012200012300013100013200013300020100020200020300021100021200021300022100022200022300023100023200023300030100030200030300
3010003020003030003110003120003130003210003220003230003310003320003330010010020010030010110010120010130010210010220010230010310010320010330011010011020011030011
0211000212000213000221000222000223000231000232000233000301000302000303000311000312000313000321000322000323000331000332000333001001002001003001011001012001013001
1010011020011030011110011120011130011210011220011230011310011320011330012010012020012030012110012120012130012210012220012230012310012320012330013010013020013030
2100032200032300033100033200033300100100200100300101100101200101300102100102200102300103100103200103300110100110200110300111100111200111300112100112200112300113
2001233001301001302001303001311001312001313001321001322001323001331001332001333002002003002011002012002013002021002022002023002031002032002033002101002102002103
