01220001230001310001
03001111001112001113
00103300110100110200
21000122000123000131
00123200123300130100
00123300130100130200
03330010010020010030
20011030011110011120
00021300022100022200
21001122001123001131
00333001001002001003
00122000123000131000
00113100113200113300
12100112200112300113
30003010003020003030
13100113200113300120
30011010011020011030
20200020300021100021
00213000221000222000
10330011010011020011
20010030010110010120
00001300002100002200
32000333001001002001
20000030000110000120
01230001310001320001
20003030003110003120
20001230001310001320
01201001202001203001
01210001220001230001
10100010200010300011
03200103300110100110
00112300113100113200
30002210002220002230
00121100121200121300
23000131000132000133
03220003230003310003
11020011030011110011
00323000331000332000
00010000020000030000
22001023001031001032
01000002000003000011
00002100002200002300
20200120300121100121
00011000012000013000
12300013100013200013
00030300031100031200
01111001112001113001
00112100112200112300
11300012100012200012
02200102300103100103
21000022000023000031
01202001203001211001
00110100110200110300
00012100012200012300
33001101001102001103
00321000322000323000
20002030002110002120
12300113100113200113
22200122300123100123
03000311000312000313
31100031200031300032
10020010030010110010
10310010320010330011
20003130003210003220
00013000021000022000
00212000213000221000
01010001020001030001
23000331000332000333
10012120012130012210
00012000013000021000
00201000202000203000
01211001212001213001
22000223000231000232
00033100033200033300
01203001211001212001
01232001233001301001
01310001320001330002
02330003010003020003
01001202001203001211
32000233000301000302
10130010210010220010
00230000310000320000
11100111200111300112
12320012330013010013
00021000022000023000
22001123001131001132
00001000002000003000
00200100300101100101
01011001012001013001
11001012001013001021
33300100100200100300
01132001133001201001
12010012020012030012
20011230011310011320
33100033200033300100
31000032000033000101
30011310011320011330
00020200020300021100
11000112000113000121
30001210001220001230
20003230003310003320
00022300023100023200
23200123300130100130
11100011200011300012
30002110002120002130
20000230000310000320
00203000211000212000
12330013010013020013
03300010100010200010
21100121200121300122
01320001330002010002
11001212001213001221
01122001123001131001
33001201001202001203
10001220001230001310
13001121001122001123
13001221001222001223
01022001023001031001
00100300101100101200
01030001110001120001
00102100102200102300
01023001031001032001
00031300032100032200
31001132001133001201
10200110300111100111
01000102000103000111
13100013200013300020
01021001022001023001
02130002210002220002
02300003100003200003
01330002010002020002
01031001032001033001
00032100032200032300
00122300123100123200
02310002320002330003
12110012120012130012
10012220012230012310
00120200120300121100
00330001010001020001
23300030100030200030
22300123100123200123
20100120200120300121
00001200001300002100
30003110003120003130
03100003200003300010
01001002001003001011
01200001300002100002
21000222000223000231
03120003130003210003
00121000122000123000
03300110100110200110
32001133001201001202
23100123200123300130
00231000232000233000
10003220003230003310
00112200112300113100
00113000121000122000
20012030012110012120
00332000333001001002
10003020003030003110
00111300112100112200
10001020001030001110
00313000321000322000
03001211001212001213
00111200111300112100
03100103200103300110
00010300011100011200
02001003001011001012
02000003000011000012
20001130001210001220
00003100003200003300
00022100022200022300
11130011210011220011
11001112001113001121
02100002200002300003
32001233001301001302
30200030300031100031
11200011300012100012
02030002110002120002
00023000031000032000
32000033000101000102
00022000023000031000
00100100200100300101
00002000003000011000
10001120001130001210
01133001201001202001
30001010001020001030
12200012300013100013
10110010120010130010
12001213001221001222
30012310012320012330
02010002020002030002
11010011020011030011
00013300020100020200
01102001103001111001
00103100103200103300
00010200010300011100
01222001223001231001
00112000113000121000
10012020012030012110
11310011320011330012
12100012200012300013
02230002310002320002
01200101300102100102
00301000302000303000
00132000133000201000
00031100031200031300
10000320000330001010
30000210000220000230
10011020011030011110
01213001221001222001
21001222001223001231
00300101100101200101
00020000030000110000
11000312000313000321
00032300033100033200
00000100000200000300
00023100023200023300
32200032300033100033
02110002120002130002
20001330002010002020
01212001213001221001
30011110011120011130
13300120100120200120
11300112100112200112
13000121000122000123
00003300010100010200
03000111000112000113
03230003310003320003
20100020200020300021
31000132000133000201
00030000110000120000
00200000300001100001
21200121300122100122
20012130012210012220
00120300121100121200
10200010300011100011
00030100030200030300
23000231000232000233
00101200101300102100
00021100021200021300
01000302000303000311
00021200021300022100
01032001033001101001
00311000312000313000
00302000303000311000
22100122200122300123
00111100111200111300
00211000212000213000
00312000313000321000
00232000233000301000
22000023000031000032
20300121100121200121
20010130010210010220
30012010012020012030
13200013300020100020
30001110001120001130
11330012010012020012
11120011130011210011
00123100123200123300
22000323000331000332
30000310000320000330
13000321000322000323
00121200121300122100
30010010020010030010
10002220002230002310
30003310003320003330
10003120003130003210
00002300003100003200
20010230010310010320
00221000222000223000
20012330013010013020
00122100122200122300
02000303000311000312
00113300120100120200
13000221000222000223
22100022200022300023
33001001002001003001
10300111100111200111
20001030001110001120
00101300102100102200
10002020002030002110
01101001102001103001
23001231001232001233
00031200031300032100
21100021200021300022
12000113000121000122
00320000330001010001
01103001111001112001
12220012230012310012
00010100010200010300
00032000033000101000
20002230002310002320
31000232000233000301
00222000223000231000
01033001101001102001
22000123000131000132
12230012310012320012
03010003020003030003
02210002220002230002
00103000111000112000
23001031001032001033
11000212000213000221
01131001132001133001
10210010220010230010
00031000032000033000
00310000320000330001
10030010110010120010
00013100013200013300
33200033300100100200
10000220000230000310
30300031100031200031
01100001200001300002
00220000230000310000
12001013001021001022
10010020010030010110
00001100001200001300
20003330010010020010
12020012030012110012
01002001003001011001
00111000112000113000
21000322000323000331
20010330011010011020
00110300111100111200
00102200102300103100
00100000200000300001
23000031000032000033
31000332000333001001
12000213000221000222
01113001121001122001
01000202000203000211
13300020100020200020
32100032200032300033
00003000011000012000
13200113300120100120
12030012110012120012
11000012000013000021
03200003300010100010
00120100120200120300
03000011000012000013
21001022001023001031
01012001013001021001
33000201000202000203
23300130100130200130
10120010130010210010
23100023200023300030
20012230012310012320
00110000120000130000
02000103000111000112
30003210003220003230
00032200032300033100
20011330012010012020
33000301000302000303
00102300103100103200
01221001222001223001
01003001011001012001
10010320010330011010
01001102001103001111
00013200013300020100
03000211000212000213
30012210012220012230
00020100020200020300
00003200003300010100
01110001120001130001
30100030200030300031
30001310001320001330
00223000231000232000
00100200100300101100
30000110000120000130
02300103100103200103
10230010310010320010
03001011001012001013
12310012320012330013
21300122100122200122
23001131001132001133
00123000131000132000
21300022100022200022
31001032001033001101
00011300012100012200
11210011220011230011
10011320011330012010
10001320001330002010
00012200012300013100
02200002300003100003
22300023100023200023
30010110010120010130
00012300013100013200
23200023300030100030
30012110012120012130
00102000103000111000
00202000203000211000
00121300122100122200
00300001100001200001
10012320012330013010
00030200030300031100
00023200023300030100
03320003330010010020
00101100101200101300
03110003120003130003
02000203000211000212
11030011110011120011
20000130000210000220
10010120010130010210
00011200011300012100
00033200033300100100
00133000201000202000
01300002100002200002
00210000220000230000
02001103001111001112
31001232001233001301
12001113001121001122
00120000130000210000
11220011230011310011
10220010230010310010
00103200103300110100
00331000332000333001
00110200110300111100
10002320002330003010
13001021001022001023
02120002130002210002
12000013000021000022
11110011120011130011
03130003210003220003
02001203001211001212
00303000311000312000
02100102200102300103
10320010330011010011
01123001131001132001
12000313000321000322
10002120002130002210
33000101000102000103
01112001113001121001
00033000101000102000
10011220011230011310
12210012220012230012
00113200113300120100
01233001301001302001
02220002230002310002
12130012210012220012
21200021300022100022
00322000323000331000
30002310002320002330
30010310010320010330
01100101200101300102
01020001030001110001
11320011330012010012
30010210010220010230
31300032100032200032
02020002030002110002
00000300001100001200
10000120000130000210
00101000102000103000
10011120011130011210
03210003220003230003
00131000132000133000
00130000210000220000
00000010000020000030
22001223001231001232
02320002330003010003
31200031300032100032
32000133000201000202
11230011310011320011
03310003320003330010
03030003110003120003
03020003030003110003
10003320003330010010
00011100011200011300
00122200122300123100
10300011100011200011
00233000301000302000
01223001231001232001
20300021100021200021
20011130011210011220
00033300100100200100
00020300021100021200
13000021000022000023
01300102100102200102
22200022300023100023
20002330003010003020
12200112300113100113
12120012130012210012
10010220010230010310
32300033100033200033
01231001232001233001
20002130002210002220
10100110200110300111
00022200022300023100
11200111300112100112
32001033001101001102
01120001130001210001
20000330001010001020
01121001122001123001
00002200002300003100
01130001210001220001
10000020000030000110
01013001021001022001
00023300030100030200
00000200000300001100
30002010002020002030
30011210011220011230
