21323121332121333122
13313222213222313223
00022000023000031000
20232230232310232320
10322010323010331010
02113202113302120302
11130111210111220111
20203230203310203320
00032200032300033100
20113130113210113220
03002311002312002313
01021301022101022201
31021132021133021203
12200012300013100013
03000211000212000213
12131112221112231112
22330123020123030123
10012220012230012310
30301031101031201031
32231132321132331133
33303303311103311203
21302122102122202122
20200320300321100321
12221312222212222312
10313320313330320320
30301031101031201031
02120202130202210202
30322310322320322330
02302002303002311002
03232103232203232303
20222230222310222320
01000002000003000011
31212031213031221031
10110010120010130010
31020232020233020303
33132222132223132232
23211223311231211231
12103112203112303113
30210030220030230030
10232220232230232310
33213033221033222033
30133210133220133230
13012021012022012023
20110230110310110320
32302033102033202033
30100130200130300131
20313130313210313220
13211113311121211121
20130330131020131030
23311231211231311232
13130313210313220313
32002233002301002302
32033133033211033212
21233021303021311021
02122102122202122302
03000211000212000213
22030222110222120222
01201001202001203001
22122323122332122333
13202013203013211013
23231323321323331331
00321000322000323000
23013131013132013133
12100212200212300213
03103303111103111203
21030221110221120221
10121320121330122020
12313312321312322212
31201031301032101032
00323100323200323300
32112233112312112313
13200113300120100120
13033321033322033323
13123113132113133113
02023202023302030302
03220303230303310303
00221300222100222200
10320110330111020111
11123211123311131211
22131323131332131333
00023300030100030200
30300131100131200131
01102301103101103201
03201103301110201110
02222102222202222302
12030313030321030322
10331320331330332110
21313231313321313331
33033211033212033213
22033323033331033332
21233121313121322121
01103301110201110301
30123310123320123330
10201010301011101011
13213213313222213222
23211323311331211331
11323111332111333112
33303103103203103303
12232212232312233212
30231110231120231130
20310120320120330121
33331111112111113111
21112231112321112331
30031210031220031230
32330333110333120333
30131020131030131110
00101000102000103000
20102130102210102220
30101310101320101330
33122122123122132122
31301132101132201132
21012322012323012331
21130321210321220321
03211203211303212103
03201003202003203003
30133110133120133130
22102322202322302323
01333002002003002011
31323131332131333132
03303311103311203311
20001230001310001320
11021112021113021121
12131012132012133012
20023230023310023320
01321201321301322101
12322012323012331012
31322321322331323221
00133000201000202000
20000130000210000220
10123320123330130130
12212112213112222112
33021203021211021212
22322223322232322233
12100112200112300113
01131001132001133001
30233030233110233120
23132232132233132322
12210312220312230312
31202231302232102232
00003300010100010200
01120201120301121101
33301010102010103010
02210002220002230002
00322100322200322300
22033123033131033132
33310333320333331111
13301020201020301021
21332021333022022023
11322311323211323311
31220231230231310231
23012131012132012133
22113123113132113133
32202332302333102333
13010013020013030013
32010333011011012011
02220102230102310102
12333013013021013022
21133021203021211021
03202103302110302111
13312221312222212222
33333000000100000200
10310110320110330111
31011232011233011302
01030201030301031101
12112113112122112123
01133101133201133301
02313302320302321102
33221033222033223033
33301201201301202101
23213323313332213332
21032122032123032131
11320011330012010012
12103312203312303313
01202101202201202301
33222323222333223223
23111023112023113023
03201203301210201210
00103100103200103300
21232231232321232331
11103311203311303312
03221303222103222203
31213221213231213321
13332013333020202030
23301230201230301231
02230102310102320102
32311333211333312121
11103211203211303212
30203110203120203130
33113312113313113322
02003303003311003312
01110001120001130001
02032302033102033202
20310020320020330021
32313032321032322032
31212121312122212122
21213231213321213331
21033021103021111021
00322200322300323100
01130101210101220101
23030023110023120023
22201122301123101123
30123110123120123130
30333110333120333130
20023030023110023120
21130321210321220321
13213213313222213222
23231223321223331231
21033322033323033331
30033110033120033130
03200203300210100210
21113331121121131121
03122003123003131003
10111320111330112020
02131102131202131302
12231012232012233012
33302302303102303202
22233022303022311022
32023033023103023111
12310212320212330213
00033300100100200100
33312121213121222121
31310331320331330332
01022301023101023201
00130300131100131200
23012331012332012333
31030131110131120131
03131303132103132203
03330310310320310330
13003221003222003223
22333123123132123133
31003332003333010101
12313012321012322012
31010132010133010202
13110113120113130113
03022003023003031003
00332000333001001002
22330123020123030123
30103110103120103130
03332303333103333203
22220222230222310222
13322313323213323313
10031120031130031210
03212303213103213203
30022310022320022330
21121021122021123021
00213100213200213300
30212030212110212120
00113300120100120200
22001123001131001132
33322322323322332322
01022201022301023101
21321331322221322231
22123022131022132022
32121233121313121322
21131231131321131331
22323222333223223233
10321010322010323010
13300120100120200120
20323130323210323220
31201331301332101332
30333110333120333130
03330310310320310330
02122302123102123202
23211323311331211331
03102303202303302310
02122202122302123102
02312002313002321002
03303311103311203311
23301330201330301331
32201332301333101333
12311113211113311121
33132132133132222132
13122013123013131013
12221112231112321112
00030000110000120000
10121120121130121210
03022003023003031003
20230220310220320220
22101122201122301123
22212222312223212223
21331122121122131122
33110333120333130333
12003313003321003322
20001330002010002020
13103013111013112013
33131133221133231133
20331230331310331320
02220002230002310002
03133203133303203203
20110230110310110320
11212011213011221011
20002330003010003020
01213001221001222001
30100330200330300331
21302322102322202322
23330330331110331120
11133211133311211211
31212031213031221031
00101300102100102200
12301113101113201113
21220021230021310021
23300230100230200230
33231133321133331212
33023103023111023112
10113120113130113210
00011200011300012100
20222020223020231020
00013200013300020100
23322332322333323232
33012102012103012111
11200111300112100112
02113002121002122002
13302220302221102221
21321121331122121122
12121012122012123012
13101013201013301020
31232031233031311031
02330103020103030103
22013323013331013332
01231301232101232201
03333010101020101030
30303110303120303130
30123110123120123130
22132022133022203022
23213123222123223123
01033001101001102001
20212330213030213110
20013130013210013220
11322211322311323211
33103233203233303303
11100311200311300312
13002221002222002223
02221102221202221302
11231211231311232211
12333212333313131322
12221312222212222312
00012300013100013200
20133130133210133220
23321323331331332221
31223321223331231231
01032001033001101001
02113102113202113302
02111302112102112202
03133103133203133303
03032203032303033103
01133101133201133301
33203133303203203303
31332031333032032033
10320110330111020111
20133230133310133320
30232030232110232120
10010120010130010210
03200003300010100010
13012321012322012323
31103231203231303232
20021330022010022020
30210030220030230030
03230003310003320003
20202030202110202120
32003233003301003302
02012203012211012212
12223112232112233112
11121111131111221111
10111220111230111310
31100031200031300032
01330102020102030102
03201303301310201310
23021031021032021033
12022213022221022222
13312113313113322113
03022111022112022113
10002020002030002110
10200110300111100111
11201111301112101112
20120230120310120320
32230332310332320332
21230021310021320021
32031333032032033032
32301333101333201333
32031133031211031212
31233131233221233231
12030012110012120012
23202123302130302131
03120303130303210303
02210002220002230002
00132100132200132300
22311123211123311131
11121011122011123011
33022103022111022112
23022131022132022133
02203302210302211102
02302203102203202203
13130313210313220313
03122103122203122303
02233302302303102303
33220233230233310233
03020311020312020313
23233123313123322123
31021132021133021203
00110100110200110300
10020120020130020210
12131312132212132312
23222023223023231023
00203000211000212000
10123320123330130130
31200031300032100032
33012102012103012111
10002220002230002310
11133311211211311212
21000122000123000131
23002331002332002333
33113312113313113322
20033330101010201010
13200013300020100020
21230221310221320221
22330323110323120323
01232101232201232301
23110323120323130323
00203000211000212000
10023320023330030030
13020013030013110013
01100101200101300102
13303321103321203321
33131313221313231313
02210002220002230002
12113313113322113323
02230102310102320102
13222013223013231013
03012211012212012213
01032301033101033201
30230310230320230330
22002323002331002332
30313210313220313230
23031231031232031233
10311120311130311210
13100013200013300020
23302030302031102031
10201110301111101111
23030023110023120023
10311320311330312110
30020310020320020330
00213100213200213300
30120310120320120330
31333132132133132222
30103310103320103330
13020113030113110113
00032300033100033200
11223211223311231211
32102132202132302133
01001102001103001111
01000002000003000011
11222011223011231011
12333013013021013022
10312120312130312210
23220223230223310223
23230123310123320123
10220320220330221030
30111020111030111110
10231320231330232030
20002030002110002120
03123203123303131103
33000000100000200000
23311331211331311332
30231310231320231330
30130130210130220130
10102320102330103020
33011302011303011311
12133312212212312213
01300102100102200102
03101203201203301210
22322122323122332122
12132312133212133312
11203211303212103212
11220111230111310111
02122202122302123102
21223021231021232021
11103111203111303112
00020000030000110000
30311310311320311330
22230322310322320322
21333022022023022031
31101031201031301032
03020103030103110103
02223302230302231102
12202312302313102313
23312023313023321023
12110112120112130112
23211323311331211331
13000321000322000323
01121001122001123001
02210202220202230202
20021130021210021220
01113201113301120201
00112300113100113200
12121213121222121223
01100301200301300302
11212211212311213211
33213033221033222033
21313331321321331322
01321301322101322201
