0000220000230000310000320000330001010001
3000331000332000333001001002001003001011
1110011120011130011210011220011230011310
3000301000302000303000311000312000313000
0100100200100300101100101200101300102100
0110300111100111200111300112100112200112
2001123001131001132001133001201001202001
1000132000133000201000202000203000211000
0300011100011200011300012100012200012300
0100020200020300021100021200021300022100
2100032200032300033100033200033300100100
1122001123001131001132001133001201001202
0300111100111200111300112100112200112300
2000233000301000302000303000311000312000
0001120001130001210001220001230001310001
0321000322000323000331000332000333001001
0200120300121100121200121300122100122200
2120012130012210012220012230012310012320
1000302000303000311000312000313000321000
0131000132000133000201000202000203000211
0002110002120002130002210002220002230002
1111001112001113001121001122001123001131
0000230000310000320000330001010001020001
1300112100112200112300113100113200113300
0033000101000102000103000111000112000113
0012010012020012030012110012120012130012
0001020001030001110001120001130001210001
0012120012130012210012220012230012310012
0103000111000112000113000121000122000123
2300123100123200123300130100130200130300
0001320001330002010002020002030002110002
0111300112100112200112300113100113200113
0001210001220001230001310001320001330002
0303000311000312000313000321000322000323
2001223001231001232001233001301001302001
0203000211000212000213000221000222000223
2000123000131000132000133000201000202000
0200020300021100021200021300022100022200
1030011110011120011130011210011220011230
1231001232001233001301001302001303001311
2330003010003020003030003110003120003130
0123300130100130200130300131100131200131
1200031300032100032200032300033100033200
1100011200011300012100012200012300013100
3120003130003210003220003230003310003320
0010000020000030000110000120000130000210
2000323000331000332000333001001002001003
3000101000102000103000111000112000113000
1300032100032200032300033100033200033300
0001200001300002100002200002300003100003
3000201000202000203000211000212000213000
1100021200021300022100022200022300023100
0110000120000130000210000220000230000310
0002320002330003010003020003030003110003
1132001133001201001202001203001211001212
1001112001113001121001122001123001131001
0011130011210011220011230011310011320011
0001030001110001120001130001210001220001
1003001011001012001013001021001022001023
0002000003000011000012000013000021000022
0300031100031200031300032100032200032300
3000131000132000133000201000202000203000
2000223000231000232000233000301000302000
1200001300002100002200002300003100003200
2200102300103100103200103300110100110200
1222001223001231001232001233001301001302
1001022001023001031001032001033001101001
0030100030200030300031100031200031300032
0001300002100002200002300003100003200003
2310002320002330003010003020003030003110
0011000012000013000021000022000023000031
0012130012210012220012230012310012320012
0132000133000201000202000203000211000212
3300110100110200110300111100111200111300
0320010330011010011020011030011110011120
3001021001022001023001031001032001033001
0333001001002001003001011001012001013001
3000221000222000223000231000232000233000
3001011001012001013001021001022001023001
1201001202001203001211001212001213001221
0003020003030003110003120003130003210003
0021200021300022100022200022300023100023
2001033001101001102001103001111001112001
1221001222001223001231001232001233001301
0033300100100200100300101100101200101300
2010012020012030012110012120012130012210
0133000201000202000203000211000212000213
3000231000232000233000301000302000303000
0031200031300032100032200032300033100033
2100102200102300103100103200103300110100
0031300032100032200032300033100033200033
3001231001232001233001301001302001303001
1202001203001211001212001213001221001222
2110012120012130012210012220012230012310
2220002230002310002320002330003010003020
1001222001223001231001232001233001301001
3000321000322000323000331000332000333001
0313000321000322000323000331000332000333
0010320010330011010011020011030011110011
3001221001222001223001231001232001233001
3200023300030100030200030300031100031200
0322000323000331000332000333001001002001
1130011210011220011230011310011320011330
0002120002130002210002220002230002310002
0011120011130011210011220011230011310011
0010030010110010120010130010210010220010
1120001130001210001220001230001310001320
0200100300101100101200101300102100102200
1000002000003000011000012000013000021000
1330002010002020002030002110002120002130
1300012100012200012300013100013200013300
1233001301001302001303001311001312001313
0111200111300112100112200112300113100113
0001130001210001220001230001310001320001
0001100001200001300002100002200002300003
2130012210012220012230012310012320012330
0022000023000031000032000033000101000102
0200030300031100031200031300032100032200
3001121001122001123001131001132001133001
3100113200113300120100120200120300121100
0223000231000232000233000301000302000303
0021000022000023000031000032000033000101
2300023100023200023300030100030200030300
2000023000031000032000033000101000102000
0000330001010001020001030001110001120001
0011010011020011030011110011120011130011
1000112000113000121000122000123000131000
1100101200101300102100102200102300103100
1012001013001021001022001023001031001032
0001000002000003000011000012000013000021
1223001231001232001233001301001302001303
0300021100021200021300022100022200022300
0200000300001100001200001300002100002200
0003120003130003210003220003230003310003
3001131001132001133001201001202001203001
2001213001221001222001223001231001232001
0010210010220010230010310010320010330011
0011100011200011300012100012200012300013
0000100000200000300001100001200001300002
0020000030000110000120000130000210000220
0012000013000021000022000023000031000032
0100120200120300121100121200121300122100
2030012110012120012130012210012220012230
1001202001203001211001212001213001221001
0301000302000303000311000312000313000321
3200033300100100200100300101100101200101
2200032300033100033200033300100100200100
0101300102100102200102300103100103200103
0031000032000033000101000102000103000111
1131001132001133001201001202001203001211
0300001100001200001300002100002200002300
0033200033300100100200100300101100101200
2100122200122300123100123200123300130100
0210000220000230000310000320000330001010
0030200030300031100031200031300032100032
0102300103100103200103300110100110200110
0022200022300023100023200023300030100030
0003100003200003300010100010200010300011
0220000230000310000320000330001010001020
2320002330003010003020003030003110003120
0001230001310001320001330002010002020002
3100033200033300100100200100300101100101
0012310012320012330013010013020013030013
2000013000021000022000023000031000032000
1100031200031300032100032200032300033100
0230000310000320000330001010001020001030
0030300031100031200031300032100032200032
0003200003300010100010200010300011100011
3310003320003330010010020010030010110010
0013000021000022000023000031000032000033
1001032001033001101001102001103001111001
2100112200112300113100113200113300120100
2030002110002120002130002210002220002230
0210010220010230010310010320010330011010
0000010000020000030000110000120000130000
0122000123000131000132000133000201000202
0010010020010030010110010120010130010210
0323000331000332000333001001002001003001
3020003030003110003120003130003210003220
3220003230003310003320003330010010020010
1210001220001230001310001320001330002010
0331000332000333001001002001003001011001
0032300033100033200033300100100200100300
0212000213000221000222000223000231000232
0013300020100020200020300021100021200021
0200010300011100011200011300012100012200
1010011020011030011110011120011130011210
0003230003310003320003330010010020010030
0112100112200112300113100113200113300120
1300102100102200102300103100103200103300
2200012300013100013200013300020100020200
0000001000002000003000011000012000013000
0010020010030010110010120010130010210010
3200123300130100130200130300131100131200
0003330010010020010030010110010120010130
0123100123200123300130100130200130300131
1220001230001310001320001330002010002020
0101100101200101300102100102200102300103
0103100103200103300110100110200110300111
0233000301000302000303000311000312000313
0000120000130000210000220000230000310000
1210011220011230011310011320011330012010
3001211001212001213001221001222001223001
0000130000210000220000230000310000320000
3100013200013300020100020200020300021100
1123001131001132001133001201001202001203
1100001200001300002100002200002300003100
3000031000032000033000101000102000103000
0120010130010210010220010230010310010320
1001132001133001201001202001203001211001
0023200023300030100030200030300031100031
0001220001230001310001320001330002010002
0022300023100023200023300030100030200030
0330001010001020001030001110001120001130
0003220003230003310003320003330010010020
2001113001121001122001123001131001132001
2320012330013010013020013030013110013120
3300010100010200010300011100011200011300
1113001121001122001123001131001132001133
1200111300112100112200112300113100113200
0001110001120001130001210001220001230001
0000210000220000230000310000320000330001
1020001030001110001120001130001210001220
0120300121100121200121300122100122200122
0002300003100003200003300010100010200010
3030003110003120003130003210003220003230
0113300120100120200120300121100121200121
0010130010210010220010230010310010320010
0000200000300001100001200001300002100002
2200022300023100023200023300030100030200
1010001020001030001110001120001130001210
0121200121300122100122200122300123100123
0122100122200122300123100123200123300130
0002330003010003020003030003110003120003
2230012310012320012330013010013020013030
0033100033200033300100100200100300101100
0121100121200121300122100122200122300123
1020011030011110011120011130011210011220
0002020002030002110002120002130002210002
1000222000223000231000232000233000301000
1001012001013001021001022001023001031001
1320001330002010002020002030002110002120
0011210011220011230011310011320011330012
0013100013200013300020100020200020300021
3000311000312000313000321000322000323000
2110002120002130002210002220002230002310
0112200112300113100113200113300120100120
2001013001021001022001023001031001032001
0022100022200022300023100023200023300030
3001031001032001033001101001102001103001
0101000102000103000111000112000113000121
3000011000012000013000021000022000023000
2230002310002320002330003010003020003030
3320003330010010020010030010110010120010
1100111200111300112100112200112300113100
2300033100033200033300100100200100300101
0113000121000122000123000131000132000133
0111000112000113000121000122000123000131
1320011330012010012020012030012110012120
0002200002300003100003200003300010100010
0000030000110000120000130000210000220000
0010310010320010330011010011020011030011
1030001110001120001130001210001220001230
0100010200010300011100011200011300012100
1310011320011330012010012020012030012110
1133001201001202001203001211001212001213
1211001212001213001221001222001223001231
1023001031001032001033001101001102001103
0100000200000300001100001200001300002100
2000313000321000322000323000331000332000
0120100120200120300121100121200121300122
1130001210001220001230001310001320001330
0011320011330012010012020012030012110012
1031001032001033001101001102001103001111
0120000130000210000220000230000310000320
0123200123300130100130200130300131100131
1310001320001330002010002020002030002110
0011020011030011110011120011130011210011
0320000330001010001020001030001110001120
0230010310010320010330011010011020011030
3300100100200100300101100101200101300102
2300013100013200013300020100020200020300
0102100102200102300103100103200103300110
0110010120010130010210010220010230010310
0300121100121200121300122100122200122300
0002030002110002120002130002210002220002
2100002200002300003100003200003300010100
2001003001011001012001013001021001022001
1213001221001222001223001231001232001233
0012200012300013100013200013300020100020
0020200020300021100021200021300022100022
0011110011120011130011210011220011230011
0310010320010330011010011020011030011110
0020100020200020300021100021200021300022
0021300022100022200022300023100023200023
0222000223000231000232000233000301000302
0232000233000301000302000303000311000312
1220011230011310011320011330012010012020
0011310011320011330012010012020012030012
0302000303000311000312000313000321000322
2000033000101000102000103000111000112000
1300002100002200002300003100003200003300
0112000113000121000122000123000131000132
2001023001031001032001033001101001102001
1000312000313000321000322000323000331000
0010100010200010300011100011200011300012
2300003100003200003300010100010200010300
1230011310011320011330012010012020012030
1203001211001212001213001221001222001223
0211000212000213000221000222000223000231
0030000110000120000130000210000220000230
0010300011100011200011300012100012200012
3100003200003300010100010200010300011100
3000121000122000123000131000132000133000
0100300101100101200101300102100102200102
3100123200123300130100130200130300131100
0122200122300123100123200123300130100130
3200013300020100020200020300021100021200
0010220010230010310010320010330011010011
1101001102001103001111001112001113001121
2300103100103200103300110100110200110300
0010110010120010130010210010220010230010
1112001113001121001122001123001131001132
1000102000103000111000112000113000121000
0012110012120012130012210012220012230012
3200113300120100120200120300121100121200
1212001213001221001222001223001231001232
0003110003120003130003210003220003230003
2000213000221000222000223000231000232000
0002210002220002230002310002320002330003
0130000210000220000230000310000320000330
2001103001111001112001113001121001122001
1000202000203000211000212000213000221000
0100110200110300111100111200111300112100
3100103200103300110100110200110300111100
1001212001213001221001222001223001231001
1200021300022100022200022300023100023200
0101200101300102100102200102300103100103
1001122001123001131001132001133001201001
0202000203000211000212000213000221000222
2330013010013020013030013110013120013130
1000032000033000101000102000103000111000
2300113100113200113300120100120200120300
1000212000213000221000222000223000231000
1300022100022200022300023100023200023300
1013001021001022001023001031001032001033
2000333001001002001003001011001012001013
0011200011300012100012200012300013100013
0032200032300033100033200033300100100200
1001102001103001111001112001113001121001
0020010030010110010120010130010210010220
0023100023200023300030100030200030300031
3300020100020200020300021100021200021300
3200003300010100010200010300011100011200
3110003120003130003210003220003230003310
0110200110300111100111200111300112100112
1011001012001013001021001022001023001031
0003030003110003120003130003210003220003
3001111001112001113001121001122001123001
1200011300012100012200012300013100013200
3200103300110100110200110300111100111200
0100030200030300031100031200031300032100
0000020000030000110000120000130000210000
1000012000013000021000022000023000031000
0113100113200113300120100120200120300121
0011220011230011310011320011330012010012
2001203001211001212001213001221001222001
0213000221000222000223000231000232000233
0003010003020003030003110003120003130003
0330011010011020011030011110011120011130
3210003220003230003310003320003330010010
1032001033001101001102001103001111001112
3130003210003220003230003310003320003330
0123000131000132000133000201000202000203
0110100110200110300111100111200111300112
1102001103001111001112001113001121001122
0012020012030012110012120012130012210012
0030010110010120010130010210010220010230
3000211000212000213000221000222000223000
2210012220012230012310012320012330013010
2200112300113100113200113300120100120200
3001201001202001203001211001212001213001
1002001003001011001012001013001021001022
0102000103000111000112000113000121000122
2001133001201001202001203001211001212001
0103200103300110100110200110300111100111
3010003020003030003110003120003130003210
0012220012230012310012320012330013010013
2220012230012310012320012330013010013020
0003210003220003230003310003320003330010
0121300122100122200122300123100123200123
0011300012100012200012300013100013200013
0032100032200032300033100033200033300100
0220010230010310010320010330011010011020
1022001023001031001032001033001101001102
0002310002320002330003010003020003030003
0003130003210003220003230003310003320003
2120002130002210002220002230002310002320
0113200113300120100120200120300121100121
0200110300111100111200111300112100112200
2200122300123100123200123300130100130200
0001310001320001330002010002020002030002
0000310000320000330001010001020001030001
2001233001301001302001303001311001312001
2020002030002110002120002130002210002220
1110001120001130001210001220001230001310
0003320003330010010020010030010110010120
2000003000011000012000013000021000022000
2200002300003100003200003300010100010200
0012320012330013010013020013030013110013
2130002210002220002230002310002320002330
0311000312000313000321000322000323000331
0031100031200031300032100032200032300033
2210002220002230002310002320002330003010
1001002001003001011001012001013001021001
2010002020002030002110002120002130002210
0002230002310002320002330003010003020003
3300120100120200120300121100121200121300
2310012320012330013010013020013030013110
2000133000201000202000203000211000212000
1000122000123000131000132000133000201000
3001101001102001103001111001112001113001
0003000011000012000013000021000022000023
0011330012010012020012030012110012120012
1200101300102100102200102300103100103200
0002130002210002220002230002310002320002
0032000033000101000102000103000111000112
0012030012110012120012130012210012220012
3000021000022000023000031000032000033000
1000322000323000331000332000333001001002
0120200120300121100121200121300122100122
0332000333001001002001003001011001012001
0103300110100110200110300111100111200111
0300101100101200101300102100102200102300
0001010001020001030001110001120001130001
0010230010310010320010330011010011020011
1200121300122100122200122300123100123200
3330010010020010030010110010120010130010
1001232001233001301001302001303001311001
1000232000233000301000302000303000311000
0012230012310012320012330013010013020013
1121001122001123001131001132001133001201
1100121200121300122100122200122300123100
0002220002230002310002320002330003010003
0003310003320003330010010020010030010110
0021100021200021300022100022200022300023
3300030100030200030300031100031200031300
2020012030012110012120012130012210012220
0010120010130010210010220010230010310010
0310000320000330001010001020001030001110
3230003310003320003330010010020010030010
0000320000330001010001020001030001110001
0111100111200111300112100112200112300113
0023000031000032000033000101000102000103
2100012200012300013100013200013300020100
0102200102300103100103200103300110100110
1033001101001102001103001111001112001113
3100023200023300030100030200030300031100
0012300013100013200013300020100020200020
0012330013010013020013030013110013120013
0001330002010002020002030002110002120002
0231000232000233000301000302000303000311
0011030011110011120011130011210011220011
1300122100122200122300123100123200123300
2100022200022300023100023200023300030100
1021001022001023001031001032001033001101
1230001310001320001330002010002020002030
0000110000120000130000210000220000230000
2000113000121000122000123000131000132000
0010330011010011020011030011110011120011
0013200013300020100020200020300021100021
0112300113100113200113300120100120200120
2000303000311000312000313000321000322000
0002010002020002030002110002120002130002
1103001111001112001113001121001122001123
0312000313000321000322000323000331000332
0000300001100001200001300002100002200002
1000332000333001001002001003001011001012
1120011130011210011220011230011310011320
1232001233001301001302001303001311001312
0201000202000203000211000212000213000221
0012210012220012230012310012320012330013
0002100002200002300003100003200003300010
0011230011310011320011330012010012020012
0221000222000223000231000232000233000301
0130010210010220010230010310010320010330
0121000122000123000131000132000133000201
0100200100300101100101200101300102100102
3000111000112000113000121000122000123000
2000103000111000112000113000121000122000
0122300123100123200123300130100130200130
0020300021100021200021300022100022200022
3001001002001003001011001012001013001021
1000022000023000031000032000033000101000
0023300030100030200030300031100031200031
0010200010300011100011200011300012100012
0012100012200012300013100013200013300020
2000203000211000212000213000221000222000
0003300010100010200010300011100011200011
1330012010012020012030012110012120012130
