3332103332203332303333103333203333311111
1223331231231321231331232131232221232231
1112301113101113201113301120201120301121
3023221023222023223023231023232023233023
0121210121220121230121310121320121330122
0312220312230312310312320312330313110313
2112302113102113202113302120302121102121
1033021103021111021112021113021121021122
1202311302312102312202312302313102313202
0202110202120202130202210202220202230202
2112223112232112233112312112313112322112
0112120112130112210112220112230112310112
0031010031020031030031110031120031130031
1221211221311222211222311223211223311231
3223303231103231203231303232103232203232
3232023233023303023311023312023313023321
0311130311210311220311230311310311320311
2301333101333201333302020203020211020212
3312231312232212232312233212233312312313
1022332022333023023031023032023033023103
2230302231102231202231302232102232202232
1320331330332110332120332130332210332220
1022132022133022203022211022212022213022
3031031032031033031111031112031113031121
2330003010003020003030003110003120003130
0101100101200101300102100102200102300103
2022213022221022222022223022231022232022
0020210020220020230020310020320020330021
3332323233323323333330000001000002000003
3320113330120120130120210120220120230120
0302000303000311000312000313000321000322
1311322211322311323211323311331211331311
3023231023232023233023303023311023312023
1201021301022101022201022301023101023201
1300012100012200012300013100013200013300
3112132112133112212112213112222112223112
0320320330321110321120321130321210321220
1212131212221212231212321212331213131213
0131300132100132200132300133100133200133
2333333000000100000200000300001100001200
2133233133322133323133332133333222222322
1033301101101201101301102101102201102301
3030233110233120233130233210233220233230
2321302322102322202322302323102323202323
0130210130220130230130310130320130330131
2321232331233131233221233231233321233331
1023301030201030301031101031201031301032
2322302323102323202323302330302331102331
3303023311023312023313023321023322023323
0322200322300323100323200323300330100330
2313212313312321312322212322312323212323
2313022321022322022323022331022332022333
0032010032020032030032110032120032130032
0002010002020002030002110002120002130002
0120120130120210120220120230120310120320
1223131223221223231223321223331231231321
1231211231311232211232311233211233311311
1213331221221231221321221331222131222221
3311303312103312203312303313103313203313
3011302011303011311011312011313011321011
2131333132132133132222132223132232132233
0000300001100001200001300002100002200002
0101010201010301011101011201011301012101
2112323112332112333113113122113123113132
1003001011001012001013001021001022001023
2311333211333312121213121222121223121232
2202102302103102103202103302110302111102
3230113310113320113330120120130120210120
1302212102212202212302213102213202213302
0200320300321100321200321300322100322200
2003103003111003112003113003121003122003
1321221331222131222221222231222321222331
2030132110132120132130132210132220132230
2032022033022103022111022112022113022121
2023333030303110303120303130303210303220
3111111211111311112211112311113211113311
0321310321320321330322110322120322130322
1222131222221222231222321222331223131223
0001330002010002020002030002110002120002
1232331233131233221233231233321233331313
3001321001322001323001331001332001333002
0103020103030103110103120103130103210103
3302230302231102231202231302232102232202
1003222003223003231003232003233003301003
2302313102313202313302320302321102321202
2033213033221033222033223033231033232033
3320123330130130210130220130230130310130
1210131220131230131310131320131330132020
3130303210303220303230303310303320303330
0201320301321101321201321301322101322201
2300303100303200303300310100310200310300
3323213323313332213332313333213333322222
2112313112322112323112332112333113113122
0232010233010302010303010311010312010313
1311312211312311313211313311321211321311
3102233202233302302303102303202303302310
0011110011120011130011210011220011230011
2112313112322112323112332112333113113122
1123131123221123231123321123331131131221
2301123101123201123301130201130301131101
3013111013112013113013121013122013123013
1323111332111333112112113112122112123112
0132210132220132230132310132320132330133
1010312010313010321010322010323010331010
3320013330020020030020110020120020130020
3001121001122001123001131001132001133001
2312112313112322112323112332112333113113
3003231003232003233003301003302003303003
0011310011320011330012010012020012030012
2002133002201002202002203002211002212002
2320302321102321202321302322102322202322
0300221100221200221300222100222200222300
1032122032123032131032132032133032211032
3033311033312033313033321033322033323033
0322200322300323100323200323300330100330
2313202313302320302321102321202321302322
0323100323200323300330100330200330300331
0233130233210233220233230233310233320233
3200213300220100220200220300221100221200
2023313023321023322023323023331023332023
3233133322133323133332133333222222322223
3230313310313320313330320320330321110321
0000200000300001100001200001300002100002
3010003020003030003110003120003130003210
0020300021100021200021300022100022200022
0101010201010301011101011201011301012101
3302003303003311003312003313003321003322
0331300332100332200332300333100333200333
3221103221203221303222103222203222303223
1323021331021332021333022022023022031022
2223002231002232002233002301002302002303
1211131311132211132311133211133311211211
3221323231323321323331331332221332231332
2331233131233221233231233321233331313132
1120201120301121101121201121301122101122
3121332121333122122123122132122133122213
0021230021310021320021330022010022020022
0221330222030222110222120222130222210222
2102332202332302333102333202333303030311
2011333012012013012021012022012023012031
1122111123111132111133111212111213111222
0333230333310333320333331111112111113111
3230213310213320213330220220230220310220
2131333132132133132222132223132232132233
2010103010111010112010113010121010122010
1321031322031323031331031332031333032032
0021310021320021330022010022020022030022
0101000102000103000111000112000113000121
1230221310221320221330222030222110222120
3321313331321321331322221322231322321322
3021031021032021033021103021111021112021
2331333221333231333321333332222223222233
2202212302213102213202213302220302221102
2213112222112223112232112233112312112313
3222013223013231013232013233013302013303
3101233201233301301302101302201302301303
2032133032211032212032213032221032222032
2223032231032232032233032311032312032313
0322210322220322230322310322320322330323
0333301010102010103010111010112010113010
0020010030010110010120010130010210010220
1021322021323021331021332021333022022023
3210303220303230303310303320303330310310
1010122010123010131010132010133010202010
3020202030202110202120202130202210202220
1321301322101322201322301323101323201323
0212020213020221020222020223020231020232
3021321021322021323021331021332021333022
3230033310033320033330101010201010301011
3131233221233231233321233331313132213132
0030210030220030230030310030320030330031
0033330101010201010301011101011201011301
2221232231232321232331233131233221233231
0131030131110131120131130131210131220131
1200301300302100302200302300303100303200
3012321012322012323012331012332012333013
0000320000330001010001020001030001110001
1002332002333003003011003012003013003021
3201013301020201020301021101021201021301
2023033023103023111023112023113023121023
3333010101020101030101110101120101130101
0111130111210111220111230111310111320111
0010130010210010220010230010310010320010
3120113130113210113220113230113310113320
3300220100220200220300221100221200221300
0033330101010201010301011101011201011301
0123220123230123310123320123330130130210
3031111031112031113031121031122031123031
1211121311122211122311123211123311131211
0102120102130102210102220102230102310102
0311000312000313000321000322000323000331
1001322001323001331001332001333002002003
2302023102023202023302030302031102031202
2221322231322321322331323221323231323321
0113320113330120120130120210120220120230
0331200331300332100332200332300333100333
3023231023232023233023303023311023312023
0303100303200303300310100310200310300311
2321312322212322312323212323312331312332
2002223002231002232002233002301002302002
3023231023232023233023303023311023312023
2222112223112232112233112312112313112322
1020031030031110031120031130031210031220
3032231032232032233032311032312032313032
0022230022310022320022330023010023020023
1201131301132101132201132301133101133201
0100000200000300001100001200001300002100
3033023103023111023112023113023121023122
0121030121110121120121130121210121220121
1021011022011023011031011032011033011102
1321101321201321301322101322201322301323
2320332330333110333120333130333210333220
3332113333121212131212221212231212321212
0210320210330211030211110211120211130211
2322122323122332122333123123132123133123
1021312021313021321021322021323021331021
0321030322030323030331030332030333031031
2131022132022133022203022211022212022213
2331213131213221213231213321213331221221
2132032133032211032212032213032221032222
0200110300111100111200111300112100112200
3120303130303210303220303230303310303320
1331301332101332201332301333101333201333
2200322300323100323200323300330100330200
2212132312133212133312212212312213212213
0012210012220012230012310012320012330013
2222122223122232122233122313122322122323
2012303012311012312012313012321012322012
0210220210230210310210320210330211030211
1211111311112211112311113211113311121211
0021010021020021030021110021120021130021
1032001033001101001102001103001111001112
1210301211101211201211301212101212201212
0202000203000211000212000213000221000222
1021011022011023011031011032011033011102
1001012001013001021001022001023001031001
2112313112322112323112332112333113113122
0121000122000123000131000132000133000201
0233100233200233300300301100301200301300
1200111300112100112200112300113100113200
1002122002123002131002132002133002201002
0211020212020213020221020222020223020231
3001331001332001333002002003002011002012
0021220021230021310021320021330022010022
3120013130013210013220013230013310013320
1303301310201310301311101311201311301312
0001010001020001030001110001120001130001
3132222132223132232132233132322132323132
1322221322231322321322331323221323231323
0020220020230020310020320020330021010021
2022213022221022222022223022231022232022
2021333022022023022031022032022033022103
2031213031221031222031223031231031232031
3211033212033213033221033222033223033231
3210303220303230303310303320303330310310
0303220303230303310303320303330310310320
1201321301322101322201322301323101323201
1022212022213022221022222022223022231022
1020232020233020303020311020312020313020
3220003230003310003320003330010010020010
1131221131231131321131331132121132131132
3312303313103313203313303321103321203321
2022233022303022311022312022313022321022
1033322033323033331033332033333111111211
0020310020320020330021010021020021030021
2332112333113113122113123113132113133113
2333202333303030311030312030313030321030
2110122120122130122210122220122230122310
0200300201100201200201300202100202200202
3023321023322023323023331023332023333030
0230220310220320220330221030221110221120
0203130203210203220203230203310203320203
2031213031221031222031223031231031232031
0202200202300203100203200203300210100210
0031000032000033000101000102000103000111
0232110232120232130232210232220232230232
2323233323323333330000001000002000003000
3323313332213332313333213333322222232222
1100001200001300002100002200002300003100
2312333212333313131322131323131332131333
1123011131011132011133011202011203011211
3303331103331203331303332103332203332303
0123030123110123120123130123210123220123
0020230020310020320020330021010021020021
0031210031220031230031310031320031330032
1302022102022202022302023102023202023302
2031102031202031302032102032202032302033
3032321032322032323032331032332032333033
1130131210131220131230131310131320131330
2132012133012202012203012211012212012213
3010013020013030013110013120013130013210
3211133311211211311212211212311213211213
1211331311332211332311333211333312121213
0210020220020230020310020320020330021010
2123223123232123233123313123322123323123
1011101011201011301012101012201012301013
1311122211122311123211123311131211131311
1102011103011111011112011113011121011122
3322322323322332322333323232333233233333
3313213213313222213222313223213223313232
1030021110021120021130021210021220021230
2110232120232130232210232220232230232310
3221113231113321113331121121131121221121
1102231202231302232102232202232302233102
1011222011223011231011232011233011302011
3330303031103031203031303032103032203032
1013232013233013302013303013311013312013
2120312130312210312220312230312310312320
2011323011331011332011333012012013012021
1312332212332312333212333313131322131323
0122200122300123100123200123300130100130
3102013103013111013112013113013121013122
3222333223223233223323223333232323332332
2000323000331000332000333001001002001003
1012322012323012331012332012333013013021
1320221330222030222110222120222130222210
0100010200010300011100011200011300012100
3003311003312003313003321003322003323003
3123123132123133123213123222123223123232
0112330113020113030113110113120113130113
3221223231223321223331231231321231331232
2303002311002312002313002321002322002323
2212332312333212333313131322131323131332
0023130023210023220023230023310023320023
0301300302100302200302300303100303200303
3113033121033122033123033131033132033133
0023210023220023230023310023320023330030
1001002001003001011001012001013001021001
1200321300322100322200322300323100323200
1313132213132313133213133313213213313222
2102222202222302223102223202223302230302
0322130322210322220322230322310322320322
2231332321332331333221333231333321333332
0322330323110323120323130323210323220323
0020120020130020210020220020230020310020
0201030301031101031201031301032101032201
2213312221312222212222312223212223312231
2123302130302131102131202131302132102132
2230122310122320122330123020123030123110
1303021311021312021313021321021322021323
0003300010100010200010300011100011200011
1210121220121230121310121320121330122020
2113123113132113133113212113213113222113
2332022333023023031023032023033023103023
3022003023003031003032003033003101003102
1320231330232030232110232120232130232210
0020310020320020330021010021020021030021
2202312302313102313202313302320302321102
1023122023123023131023132023133023203023
2031133031211031212031213031221031222031
1332021333022022023022031022032022033022
1332321332331333221333231333321333332222
0303130303210303220303230303310303320303
3300010100010200010300011100011200011300
1321311322211322311323211323311331211331
3101313201313301320201320301321101321201
1213001221001222001223001231001232001233
2010323010331010332010333011011012011013
1233221233231233321233331313132213132313
1022032022033022103022111022112022113022
2122202122302123102123202123302130302131
2301123101123201123301130201130301131101
0103110103120103130103210103220103230103
1223311231211231311232211232311233211233
2201012301013101013201013301020201020301
2322102322202322302323102323202323302330
3010211010212010213010221010222010223010
2120012130012210012220012230012310012320
3302110302111102111202111302112102112202
3323123332123333131313221313231313321313
1013022013023013031013032013033013102013
2203312303313103313203313303321103321203
1223031231031232031233031311031312031313
1000302000303000311000312000313000321000
3022321022322022323022331022332022333023
1130101210101220101230101310101320101330
3032131032132032133032211032212032213032
2220222230222310222320222330223030223110
1312211312311313211313311321211321311322
2201322301323101323201323301330201330301
3203303211103211203211303212103212203212
3210033220033230033310033320033330101010
2221002222002223002231002232002233002301
3212003213003221003222003223003231003232
1310201310301311101311201311301312101312
2030022110022120022130022210022220022230
2130202210202220202230202310202320202330
0123230123310123320123330130130210130220
2301113101113201113301120201120301121101
0120210120220120230120310120320120330121
3333222222322223322232322233322322323322
1022011023011031011032011033011102011103
1121321121331122121122131122221122231122
0101010201010301011101011201011301012101
3230123310123320123330130130210130220130
2323002331002332002333003003011003012003
3023203023211023212023213023221023222023
0333031031032031033031111031112031113031
1020312020313020321020322020323020331020
3202213302220302221102221202221302222102
0010010020010030010110010120010130010210
1310221320221330222030222110222120222130
1131211131311132211132311133211133311211
2102112202112302113102113202113302120302
0022120022130022210022220022230022310022
0120220120230120310120320120330121020121
3320113330120120130120210120220120230120
3320313330320320330321110321120321130321
2233012302012303012311012312012313012321
0122130122210122220122230122310122320122
3213233313313322213322313323213323313332
3211103211203211303212103212203212303213
1310321320321330322110322120322130322210
0221020222020223020231020232020233020303
1123331131131221131231131321131331132121
0100110200110300111100111200111300112100
3001231001232001233001301001302001303001
2213202213302220302221102221202221302222
0332100332200332300333100333200333301010
0102200102300103100103200103300110100110
1112121112131112221112231112321112331113
2231032232032233032311032312032313032321
3112312112313112322112323112332112333113
1112301113101113201113301120201120301121
1330201330301331101331201331301332101332
1033222033223033231033232033233033311033
0301011101011201011301012101012201012301
2313002321002322002323002331002332002333
3220023230023310023320023330030030110030
3101103201103301110201110301111101111201
0223310223320223330230230310230320230330
0320310330311110311120311130311210311220
3202123302130302131102131202131302132102
2002203002211002212002213002221002222002
3110113120113130113210113220113230113310
3103333203333311111121111131111221111231
3233233333300000010000020000030000110000
1210231220231230231310231320231330232030
1021332021333022022023022031022032022033
2030333031031032031033031111031112031113
3121003122003123003131003132003133003201
2032323032331032332032333033033111033112
0213130213210213220213230213310213320213
3202123302130302131102131202131302132102
2130312210312220312230312310312320312330
0123210123220123230123310123320123330130
2222332223232223332232232332233232233332
3221103221203221303222103222203222303223
2003313003321003322003323003331003332003
2112133112212112213112222112223112232112
0123100123200123300130100130200130300131
3112033113033121033122033123033131033132
0331000332000333001001002001003001011001
1013222013223013231013232013233013302013
3103023111023112023113023121023122023123
3023031023032023033023103023111023112023
0223320223330230230310230320230330231030
2030012110012120012130012210012220012230
2210332220332230332310332320332330333110
1231311232211232311233211233311311312211
3322232322233322322323322332322333323232
0011110011120011130011210011220011230011
0313120313130313210313220313230313310313
1201211301212101212201212301213101213201
3120133130133210133220133230133310133320
3303121103121203121303122103122203122303
0032120032130032210032220032230032310032
1013011021011022011023011031011032011033
2112302113102113202113302120302121102121
0112030112110112120112130112210112220112
3222133223133232133233133322133323133332
1210111220111230111310111320111330112020
0322000323000331000332000333001001002001
2233202233302302303102303202303302310302
3221013222013223013231013232013233013302
1032001033001101001102001103001111001112
0133020133030133110133120133130133210133
2100212200212300213100213200213300220100
1102301103101103201103301110201110301111
3310123320123330130130210130220130230130
2232202232302233102233202233302302303102
2033213033221033222033223033231033232033
2202322302323102323202323302330302331102
3112222112223112232112233112312112313112
2033012102012103012111012112012113012121
0210210220210230210310210320210330211030
2220132230132310132320132330133020133030
3202123302130302131102131202131302132102
3322232322233322322323322332322333323232
2131212221212231212321212331213131213221
0120000130000210000220000230000310000320
0122230122310122320122330123020123030123
2303133103133203133303203203303211103211
3320213330220220230220310220320220330221
0203230203310203320203330210210220210230
3333330000001000002000003000011000012000
3232203232303233103233203233303303311103
3010121010122010123010131010132010133010
1003222003223003231003232003233003301003
2230012310012320012330013010013020013030
