00013100013200013300020100020200020300021100021200021300022100022200022300023100
00213000221000222000223000231000232000233000301000302000303000311000312000313000
30010310010320010330011010011020011030011110011120011130011210011220011230011310
01300002100002200002300003100003200003300010100010200010300011100011200011300012
01203001211001212001213001221001222001223001231001232001233001301001302001303001
00330001010001020001030001110001120001130001210001220001230001310001320001330002
00021100021200021300022100022200022300023100023200023300030100030200030300031100
33000301000302000303000311000312000313000321000322000323000331000332000333001001
10310010320010330011010011020011030011110011120011130011210011220011230011310011
23001131001132001133001201001202001203001211001212001213001221001222001223001231
10020010030010110010120010130010210010220010230010310010320010330011010011020011
32100032200032300033100033200033300100100200100300101100101200101300102100102200
00000010000020000030000110000120000130000210000220000230000310000320000330001010
00102300103100103200103300110100110200110300111100111200111300112100112200112300
20010130010210010220010230010310010320010330011010011020011030011110011120011130
20002130002210002220002230002310002320002330003010003020003030003110003120003130
00112000113000121000122000123000131000132000133000201000202000203000211000212000
10000020000030000110000120000130000210000220000230000310000320000330001010001020
00003100003200003300010100010200010300011100011200011300012100012200012300013100
21001122001123001131001132001133001201001202001203001211001212001213001221001222
21000222000223000231000232000233000301000302000303000311000312000313000321000322
00020100020200020300021100021200021300022100022200022300023100023200023300030100
20010330011010011020011030011110011120011130011210011220011230011310011320011330
21100021200021300022100022200022300023100023200023300030100030200030300031100031
21000022000023000031000032000033000101000102000103000111000112000113000121000122
00010100010200010300011100011200011300012100012200012300013100013200013300020100
01231001232001233001301001302001303001311001312001313001321001322001323001331001
30002210002220002230002310002320002330003010003020003030003110003120003130003210
03200103300110100110200110300111100111200111300112100112200112300113100113200113
03020003030003110003120003130003210003220003230003310003320003330010010020010030
00323000331000332000333001001002001003001011001012001013001021001022001023001031
01012001013001021001022001023001031001032001033001101001102001103001111001112001
11010011020011030011110011120011130011210011220011230011310011320011330012010012
20012030012110012120012130012210012220012230012310012320012330013010013020013030
00112100112200112300113100113200113300120100120200120300121100121200121300122100
13001221001222001223001231001232001233001301001302001303001311001312001313001321
00101100101200101300102100102200102300103100103200103300110100110200110300111100
12000013000021000022000023000031000032000033000101000102000103000111000112000113
10230010310010320010330011010011020011030011110011120011130011210011220011230011
21001222001223001231001232001233001301001302001303001311001312001313001321001322
00101300102100102200102300103100103200103300110100110200110300111100111200111300
00203000211000212000213000221000222000223000231000232000233000301000302000303000
00101000102000103000111000112000113000121000122000123000131000132000133000201000
01210001220001230001310001320001330002010002020002030002110002120002130002210002
00311000312000313000321000322000323000331000332000333001001002001003001011001012
12200012300013100013200013300020100020200020300021100021200021300022100022200022
00222000223000231000232000233000301000302000303000311000312000313000321000322000
01310001320001330002010002020002030002110002120002130002210002220002230002310002
02010002020002030002110002120002130002210002220002230002310002320002330003010003
11030011110011120011130011210011220011230011310011320011330012010012020012030012
32000033000101000102000103000111000112000113000121000122000123000131000132000133
30001110001120001130001210001220001230001310001320001330002010002020002030002110
00121000122000123000131000132000133000201000202000203000211000212000213000221000
01201001202001203001211001212001213001221001222001223001231001232001233001301001
00120000130000210000220000230000310000320000330001010001020001030001110001120001
01330002010002020002030002110002120002130002210002220002230002310002320002330003
12000213000221000222000223000231000232000233000301000302000303000311000312000313
00122200122300123100123200123300130100130200130300131100131200131300132100132200
00001100001200001300002100002200002300003100003200003300010100010200010300011100
30200030300031100031200031300032100032200032300033100033200033300100100200100300
12100012200012300013100013200013300020100020200020300021100021200021300022100022
03210003220003230003310003320003330010010020010030010110010120010130010210010220
00230000310000320000330001010001020001030001110001120001130001210001220001230001
01121001122001123001131001132001133001201001202001203001211001212001213001221001
01000002000003000011000012000013000021000022000023000031000032000033000101000102
01103001111001112001113001121001122001123001131001132001133001201001202001203001
10000320000330001010001020001030001110001120001130001210001220001230001310001320
01200101300102100102200102300103100103200103300110100110200110300111100111200111
30100030200030300031100031200031300032100032200032300033100033200033300100100200
20003130003210003220003230003310003320003330010010020010030010110010120010130010
00122100122200122300123100123200123300130100130200130300131100131200131300132100
03220003230003310003320003330010010020010030010110010120010130010210010220010230
10011020011030011110011120011130011210011220011230011310011320011330012010012020
00012000013000021000022000023000031000032000033000101000102000103000111000112000
03001211001212001213001221001222001223001231001232001233001301001302001303001311
20100020200020300021100021200021300022100022200022300023100023200023300030100030
00322000323000331000332000333001001002001003001011001012001013001021001022001023
13001021001022001023001031001032001033001101001102001103001111001112001113001121
00310000320000330001010001020001030001110001120001130001210001220001230001310001
20001230001310001320001330002010002020002030002110002120002130002210002220002230
02120002130002210002220002230002310002320002330003010003020003030003110003120003
00000200000300001100001200001300002100002200002300003100003200003300010100010200
22200122300123100123200123300130100130200130300131100131200131300132100132200132
00033300100100200100300101100101200101300102100102200102300103100103200103300110
01100001200001300002100002200002300003100003200003300010100010200010300011100011
01113001121001122001123001131001132001133001201001202001203001211001212001213001
01032001033001101001102001103001111001112001113001121001122001123001131001132001
01202001203001211001212001213001221001222001223001231001232001233001301001302001
10010120010130010210010220010230010310010320010330011010011020011030011110011120
21000122000123000131000132000133000201000202000203000211000212000213000221000222
12200112300113100113200113300120100120200120300121100121200121300122100122200122
13000121000122000123000131000132000133000201000202000203000211000212000213000221
23001231001232001233001301001302001303001311001312001313001321001322001323001331
00331000332000333001001002001003001011001012001013001021001022001023001031001032
01211001212001213001221001222001223001231001232001233001301001302001303001311001
22300123100123200123300130100130200130300131100131200131300132100132200132300133
03300010100010200010300011100011200011300012100012200012300013100013200013300020
20011130011210011220011230011310011320011330012010012020012030012110012120012130
02001003001011001012001013001021001022001023001031001032001033001101001102001103
20000130000210000220000230000310000320000330001010001020001030001110001120001130
30011310011320011330012010012020012030012110012120012130012210012220012230012310
00103300110100110200110300111100111200111300112100112200112300113100113200113300
22001123001131001132001133001201001202001203001211001212001213001221001222001223
03030003110003120003130003210003220003230003310003320003330010010020010030010110
20200020300021100021200021300022100022200022300023100023200023300030100030200030
30012210012220012230012310012320012330013010013020013030013110013120013130013210
01020001030001110001120001130001210001220001230001310001320001330002010002020002
00032200032300033100033200033300100100200100300101100101200101300102100102200102
23100023200023300030100030200030300031100031200031300032100032200032300033100033
30012010012020012030012110012120012130012210012220012230012310012320012330013010
10200010300011100011200011300012100012200012300013100013200013300020100020200020
01230001310001320001330002010002020002030002110002120002130002210002220002230002
00233000301000302000303000311000312000313000321000322000323000331000332000333001
20300121100121200121300122100122200122300123100123200123300130100130200130300131
00132000133000201000202000203000211000212000213000221000222000223000231000232000
10002120002130002210002220002230002310002320002330003010003020003030003110003120
00113200113300120100120200120300121100121200121300122100122200122300123100123200
01200001300002100002200002300003100003200003300010100010200010300011100011200011
30012310012320012330013010013020013030013110013120013130013210013220013230013310
31300032100032200032300033100033200033300100100200100300101100101200101300102100
12330013010013020013030013110013120013130013210013220013230013310013320013330020
00020000030000110000120000130000210000220000230000310000320000330001010001020001
00312000313000321000322000323000331000332000333001001002001003001011001012001013
00022100022200022300023100023200023300030100030200030300031100031200031300032100
11220011230011310011320011330012010012020012030012110012120012130012210012220012
00031200031300032100032200032300033100033200033300100100200100300101100101200101
33000201000202000203000211000212000213000221000222000223000231000232000233000301
00033100033200033300100100200100300101100101200101300102100102200102300103100103
01031001032001033001101001102001103001111001112001113001121001122001123001131001
10012020012030012110012120012130012210012220012230012310012320012330013010013020
11110011120011130011210011220011230011310011320011330012010012020012030012110012
03000111000112000113000121000122000123000131000132000133000201000202000203000211
20002330003010003020003030003110003120003130003210003220003230003310003320003330
23000231000232000233000301000302000303000311000312000313000321000322000323000331
01130001210001220001230001310001320001330002010002020002030002110002120002130002
00100000200000300001100001200001300002100002200002300003100003200003300010100010
03330010010020010030010110010120010130010210010220010230010310010320010330011010
30011110011120011130011210011220011230011310011320011330012010012020012030012110
30010210010220010230010310010320010330011010011020011030011110011120011130011210
12120012130012210012220012230012310012320012330013010013020013030013110013120013
10003320003330010010020010030010110010120010130010210010220010230010310010320010
00000100000200000300001100001200001300002100002200002300003100003200003300010100
10000220000230000310000320000330001010001020001030001110001120001130001210001220
03001111001112001113001121001122001123001131001132001133001201001202001203001211
21100121200121300122100122200122300123100123200123300130100130200130300131100131
10300111100111200111300112100112200112300113100113200113300120100120200120300121
32300033100033200033300100100200100300101100101200101300102100102200102300103100
01013001021001022001023001031001032001033001101001102001103001111001112001113001
11200111300112100112200112300113100113200113300120100120200120300121100121200121
33001001002001003001011001012001013001021001022001023001031001032001033001101001
03130003210003220003230003310003320003330010010020010030010110010120010130010210
32001233001301001302001303001311001312001313001321001322001323001331001332001333
22001223001231001232001233001301001302001303001311001312001313001321001322001323
00111100111200111300112100112200112300113100113200113300120100120200120300121100
30002310002320002330003010003020003030003110003120003130003210003220003230003310
00031100031200031300032100032200032300033100033200033300100100200100300101100101
20000030000110000120000130000210000220000230000310000320000330001010001020001030
31001032001033001101001102001103001111001112001113001121001122001123001131001132
00301000302000303000311000312000313000321000322000323000331000332000333001001002
02310002320002330003010003020003030003110003120003130003210003220003230003310003
00023100023200023300030100030200030300031100031200031300032100032200032300033100
23100123200123300130100130200130300131100131200131300132100132200132300133100133
20012130012210012220012230012310012320012330013010013020013030013110013120013130
10003220003230003310003320003330010010020010030010110010120010130010210010220010
00302000303000311000312000313000321000322000323000331000332000333001001002001003
03001011001012001013001021001022001023001031001032001033001101001102001103001111
33100033200033300100100200100300101100101200101300102100102200102300103100103200
00120100120200120300121100121200121300122100122200122300123100123200123300130100
10002220002230002310002320002330003010003020003030003110003120003130003210003220
10010220010230010310010320010330011010011020011030011110011120011130011210011220
00021000022000023000031000032000033000101000102000103000111000112000113000121000
11000312000313000321000322000323000331000332000333001001002001003001011001012001
01213001221001222001223001231001232001233001301001302001303001311001312001313001
01223001231001232001233001301001302001303001311001312001313001321001322001323001
00112300113100113200113300120100120200120300121100121200121300122100122200122300
00002100002200002300003100003200003300010100010200010300011100011200011300012100
12110012120012130012210012220012230012310012320012330013010013020013030013110013
30010010020010030010110010120010130010210010220010230010310010320010330011010011
10012320012330013010013020013030013110013120013130013210013220013230013310013320
11300112100112200112300113100113200113300120100120200120300121100121200121300122
01110001120001130001210001220001230001310001320001330002010002020002030002110002
30011210011220011230011310011320011330012010012020012030012110012120012130012210
11210011220011230011310011320011330012010012020012030012110012120012130012210012
11001112001113001121001122001123001131001132001133001201001202001203001211001212
00023300030100030200030300031100031200031300032100032200032300033100033200033300
13001121001122001123001131001132001133001201001202001203001211001212001213001221
02300003100003200003300010100010200010300011100011200011300012100012200012300013
00320000330001010001020001030001110001120001130001210001220001230001310001320001
12000113000121000122000123000131000132000133000201000202000203000211000212000213
00013000021000022000023000031000032000033000101000102000103000111000112000113000
10100010200010300011100011200011300012100012200012300013100013200013300020100020
10003120003130003210003220003230003310003320003330010010020010030010110010120010
11330012010012020012030012110012120012130012210012220012230012310012320012330013
00023000031000032000033000101000102000103000111000112000113000121000122000123000
00333001001002001003001011001012001013001021001022001023001031001032001033001101
02230002310002320002330003010003020003030003110003120003130003210003220003230003
01021001022001023001031001032001033001101001102001103001111001112001113001121001
01100101200101300102100102200102300103100103200103300110100110200110300111100111
00110300111100111200111300112100112200112300113100113200113300120100120200120300
00100200100300101100101200101300102100102200102300103100103200103300110100110200
13200013300020100020200020300021100021200021300022100022200022300023100023200023
20010030010110010120010130010210010220010230010310010320010330011010011020011030
10010020010030010110010120010130010210010220010230010310010320010330011010011020
01300102100102200102300103100103200103300110100110200110300111100111200111300112
01001202001203001211001212001213001221001222001223001231001232001233001301001302
00102100102200102300103100103200103300110100110200110300111100111200111300112100
10110010120010130010210010220010230010310010320010330011010011020011030011110011
01112001113001121001122001123001131001132001133001201001202001203001211001212001
01000102000103000111000112000113000121000122000123000131000132000133000201000202
00022200022300023100023200023300030100030200030300031100031200031300032100032200
02000103000111000112000113000121000122000123000131000132000133000201000202000203
00020200020300021100021200021300022100022200022300023100023200023300030100030200
10001320001330002010002020002030002110002120002130002210002220002230002310002320
20002230002310002320002330003010003020003030003110003120003130003210003220003230
21001022001023001031001032001033001101001102001103001111001112001113001121001122
00031000032000033000101000102000103000111000112000113000121000122000123000131000
10300011100011200011300012100012200012300013100013200013300020100020200020300021
11100011200011300012100012200012300013100013200013300020100020200020300021100021
01222001223001231001232001233001301001302001303001311001312001313001321001322001
20000230000310000320000330001010001020001030001110001120001130001210001220001230
13200113300120100120200120300121100121200121300122100122200122300123100123200123
20011230011310011320011330012010012020012030012110012120012130012210012220012230
00122000123000131000132000133000201000202000203000211000212000213000221000222000
20100120200120300121100121200121300122100122200122300123100123200123300130100130
00033000101000102000103000111000112000113000121000122000123000131000132000133000
02130002210002220002230002310002320002330003010003020003030003110003120003130003
33001201001202001203001211001212001213001221001222001223001231001232001233001301
00021200021300022100022200022300023100023200023300030100030200030300031100031200
10030010110010120010130010210010220010230010310010320010330011010011020011030011
10011120011130011210011220011230011310011320011330012010012020012030012110012120
23200123300130100130200130300131100131200131300132100132200132300133100133200133
20003030003110003120003130003210003220003230003310003320003330010010020010030010
12210012220012230012310012320012330013010013020013030013110013120013130013210013
03000011000012000013000021000022000023000031000032000033000101000102000103000111
23000031000032000033000101000102000103000111000112000113000121000122000123000131
30003210003220003230003310003320003330010010020010030010110010120010130010210010
00010200010300011100011200011300012100012200012300013100013200013300020100020200
13100113200113300120100120200120300121100121200121300122100122200122300123100123
11200011300012100012200012300013100013200013300020100020200020300021100021200021
00131000132000133000201000202000203000211000212000213000221000222000223000231000
00121100121200121300122100122200122300123100123200123300130100130200130300131100
20000330001010001020001030001110001120001130001210001220001230001310001320001330
00030100030200030300031100031200031300032100032200032300033100033200033300100100
00111300112100112200112300113100113200113300120100120200120300121100121200121300
00023200023300030100030200030300031100031200031300032100032200032300033100033200
10001020001030001110001120001130001210001220001230001310001320001330002010002020
31000332000333001001002001003001011001012001013001021001022001023001031001032001
01102001103001111001112001113001121001122001123001131001132001133001201001202001
12001113001121001122001123001131001132001133001201001202001203001211001212001213
11000012000013000021000022000023000031000032000033000101000102000103000111000112
00232000233000301000302000303000311000312000313000321000322000323000331000332000
22001023001031001032001033001101001102001103001111001112001113001121001122001123
00300101100101200101300102100102200102300103100103200103300110100110200110300111
30003010003020003030003110003120003130003210003220003230003310003320003330010010
11000112000113000121000122000123000131000132000133000201000202000203000211000212
30012110012120012130012210012220012230012310012320012330013010013020013030013110
02100102200102300103100103200103300110100110200110300111100111200111300112100112
00123300130100130200130300131100131200131300132100132200132300133100133200133300
00201000202000203000211000212000213000221000222000223000231000232000233000301000
00032100032200032300033100033200033300100100200100300101100101200101300102100102
30001310001320001330002010002020002030002110002120002130002210002220002230002310
00113000121000122000123000131000132000133000201000202000203000211000212000213000
20001130001210001220001230001310001320001330002010002020002030002110002120002130
23001031001032001033001101001102001103001111001112001113001121001122001123001131
22000223000231000232000233000301000302000303000311000312000313000321000322000323
00013200013300020100020200020300021100021200021300022100022200022300023100023200
00032000033000101000102000103000111000112000113000121000122000123000131000132000
00011300012100012200012300013100013200013300020100020200020300021100021200021300
01232001233001301001302001303001311001312001313001321001322001323001331001332001
20010230010310010320010330011010011020011030011110011120011130011210011220011230
01101001102001103001111001112001113001121001122001123001131001132001133001201001
00110200110300111100111200111300112100112200112300113100113200113300120100120200
12300113100113200113300120100120200120300121100121200121300122100122200122300123
01133001201001202001203001211001212001213001221001222001223001231001232001233001
00303000311000312000313000321000322000323000331000332000333001001002001003001011
01220001230001310001320001330002010002020002030002110002120002130002210002220002
01320001330002010002020002030002110002120002130002210002220002230002310002320002
22100022200022300023100023200023300030100030200030300031100031200031300032100032
11130011210011220011230011310011320011330012010012020012030012110012120012130012
00100300101100101200101300102100102200102300103100103200103300110100110200110300
10220010230010310010320010330011010011020011030011110011120011130011210011220011
32000233000301000302000303000311000312000313000321000322000323000331000332000333
11230011310011320011330012010012020012030012110012120012130012210012220012230012
11001012001013001021001022001023001031001032001033001101001102001103001111001112
00113100113200113300120100120200120300121100121200121300122100122200122300123100
32001033001101001102001103001111001112001113001121001122001123001131001132001133
00133000201000202000203000211000212000213000221000222000223000231000232000233000
11320011330012010012020012030012110012120012130012210012220012230012310012320012
01033001101001102001103001111001112001113001121001122001123001131001132001133001
02000203000211000212000213000221000222000223000231000232000233000301000302000303
20002030002110002120002130002210002220002230002310002320002330003010003020003030
03000311000312000313000321000322000323000331000332000333001001002001003001011001
00022000023000031000032000033000101000102000103000111000112000113000121000122000
10012120012130012210012220012230012310012320012330013010013020013030013110013120
00013300020100020200020300021100021200021300022100022200022300023100023200023300
10011320011330012010012020012030012110012120012130012210012220012230012310012320
00121300122100122200122300123100123200123300130100130200130300131100131200131300
00010000020000030000110000120000130000210000220000230000310000320000330001010001
00123000131000132000133000201000202000203000211000212000213000221000222000223000
10002320002330003010003020003030003110003120003130003210003220003230003310003320
00003000011000012000013000021000022000023000031000032000033000101000102000103000
00111000112000113000121000122000123000131000132000133000201000202000203000211000
13000221000222000223000231000232000233000301000302000303000311000312000313000321
12310012320012330013010013020013030013110013120013130013210013220013230013310013
12220012230012310012320012330013010013020013030013110013120013130013210013220013
03310003320003330010010020010030010110010120010130010210010220010230010310010320
00313000321000322000323000331000332000333001001002001003001011001012001013001021
01002001003001011001012001013001021001022001023001031001032001033001101001102001
20011330012010012020012030012110012120012130012210012220012230012310012320012330
03110003120003130003210003220003230003310003320003330010010020010030010110010120
30300031100031200031300032100032200032300033100033200033300100100200100300101100
10002020002030002110002120002130002210002220002230002310002320002330003010003020
00011200011300012100012200012300013100013200013300020100020200020300021100021200
10003020003030003110003120003130003210003220003230003310003320003330010010020010
00223000231000232000233000301000302000303000311000312000313000321000322000323000
00012200012300013100013200013300020100020200020300021100021200021300022100022200
31100031200031300032100032200032300033100033200033300100100200100300101100101200
11000212000213000221000222000223000231000232000233000301000302000303000311000312
03320003330010010020010030010110010120010130010210010220010230010310010320010330
00112200112300113100113200113300120100120200120300121100121200121300122100122200
23200023300030100030200030300031100031200031300032100032200032300033100033200033
00120200120300121100121200121300122100122200122300123100123200123300130100130200
00011100011200011300012100012200012300013100013200013300020100020200020300021100
01011001012001013001021001022001023001031001032001033001101001102001103001111001
03100003200003300010100010200010300011100011200011300012100012200012300013100013
13300120100120200120300121100121200121300122100122200122300123100123200123300130
00012300013100013200013300020100020200020300021100021200021300022100022200022300
32001133001201001202001203001211001212001213001221001222001223001231001232001233
00130000210000220000230000310000320000330001010001020001030001110001120001130001
01111001112001113001121001122001123001131001132001133001201001202001203001211001
01003001011001012001013001021001022001023001031001032001033001101001102001103001
00211000212000213000221000222000223000231000232000233000301000302000303000311000
00012100012200012300013100013200013300020100020200020300021100021200021300022100
00001000002000003000011000012000013000021000022000023000031000032000033000101000
00111200111300112100112200112300113100113200113300120100120200120300121100121200
00030000110000120000130000210000220000230000310000320000330001010001020001030001
10100110200110300111100111200111300112100112200112300113100113200113300120100120
03300110100110200110300111100111200111300112100112200112300113100113200113300120
00113300120100120200120300121100121200121300122100122200122300123100123200123300
00021300022100022200022300023100023200023300030100030200030300031100031200031300
02200102300103100103200103300110100110200110300111100111200111300112100112200112
02000303000311000312000313000321000322000323000331000332000333001001002001003001
20003230003310003320003330010010020010030010110010120010130010210010220010230010
13100013200013300020100020200020300021100021200021300022100022200022300023100023
02320002330003010003020003030003110003120003130003210003220003230003310003320003
20012330013010013020013030013110013120013130013210013220013230013310013320013330
23300030100030200030300031100031200031300032100032200032300033100033200033300100
31000032000033000101000102000103000111000112000113000121000122000123000131000132
21200021300022100022200022300023100023200023300030100030200030300031100031200031
30000310000320000330001010001020001030001110001120001130001210001220001230001310
00030300031100031200031300032100032200032300033100033200033300100100200100300101
10011220011230011310011320011330012010012020012030012110012120012130012210012220
02030002110002120002130002210002220002230002310002320002330003010003020003030003
22000123000131000132000133000201000202000203000211000212000213000221000222000223
02001103001111001112001113001121001122001123001131001132001133001201001202001203
01001002001003001011001012001013001021001022001023001031001032001033001101001102
01120001130001210001220001230001310001320001330002010002020002030002110002120002
00002300003100003200003300010100010200010300011100011200011300012100012200012300
00022300023100023200023300030100030200030300031100031200031300032100032200032300
12300013100013200013300020100020200020300021100021200021300022100022200022300023
30003110003120003130003210003220003230003310003320003330010010020010030010110010
10001220001230001310001320001330002010002020002030002110002120002130002210002220
01221001222001223001231001232001233001301001302001303001311001312001313001321001
00010300011100011200011300012100012200012300013100013200013300020100020200020300
12130012210012220012230012310012320012330013010013020013030013110013120013130013
00003300010100010200010300011100011200011300012100012200012300013100013200013300
01022001023001031001032001033001101001102001103001111001112001113001121001122001
00202000203000211000212000213000221000222000223000231000232000233000301000302000
00123100123200123300130100130200130300131100131200131300132100132200132300133100
12230012310012320012330013010013020013030013110013120013130013210013220013230013
03100103200103300110100110200110300111100111200111300112100112200112300113100113
11310011320011330012010012020012030012110012120012130012210012220012230012310012
20001030001110001120001130001210001220001230001310001320001330002010002020002030
22100122200122300123100123200123300130100130200130300131100131200131300132100132
00231000232000233000301000302000303000311000312000313000321000322000323000331000
11120011130011210011220011230011310011320011330012010012020012030012110012120012
10120010130010210010220010230010310010320010330011010011020011030011110011120011
20003330010010020010030010110010120010130010210010220010230010310010320010330011
21300122100122200122300123100123200123300130100130200130300131100131200131300132
20001330002010002020002030002110002120002130002210002220002230002310002320002330
33001101001102001103001111001112001113001121001122001123001131001132001133001201
30010110010120010130010210010220010230010310010320010330011010011020011030011110
22300023100023200023300030100030200030300031100031200031300032100032200032300033
12001013001021001022001023001031001032001033001101001102001103001111001112001113
10001120001130001210001220001230001310001320001330002010002020002030002110002120
00332000333001001002001003001011001012001013001021001022001023001031001032001033
33300100100200100300101100101200101300102100102200102300103100103200103300110100
00103200103300110100110200110300111100111200111300112100112200112300113100113200
00121200121300122100122200122300123100123200123300130100130200130300131100131200
00102000103000111000112000113000121000122000123000131000132000133000201000202000
31001232001233001301001302001303001311001312001313001321001322001323001331001332
10210010220010230010310010320010330011010011020011030011110011120011130011210011
00100100200100300101100101200101300102100102200102300103100103200103300110100110
00210000220000230000310000320000330001010001020001030001110001120001130001210001
01132001133001201001202001203001211001212001213001221001222001223001231001232001
03000211000212000213000221000222000223000231000232000233000301000302000303000311
32200032300033100033200033300100100200100300101100101200101300102100102200102300
30000110000120000130000210000220000230000310000320000330001010001020001030001110
10010320010330011010011020011030011110011120011130011210011220011230011310011320
02110002120002130002210002220002230002310002320002330003010003020003030003110003
30002110002120002130002210002220002230002310002320002330003010003020003030003110
10330011010011020011030011110011120011130011210011220011230011310011320011330012
22000323000331000332000333001001002001003001011001012001013001021001022001023001
33000101000102000103000111000112000113000121000122000123000131000132000133000201
00033200033300100100200100300101100101200101300102100102200102300103100103200103
22000023000031000032000033000101000102000103000111000112000113000121000122000123
00031300032100032200032300033100033200033300100100200100300101100101200101300102
12320012330013010013020013030013110013120013130013210013220013230013310013320013
13000021000022000023000031000032000033000101000102000103000111000112000113000121
30003310003320003330010010020010030010110010120010130010210010220010230010310010
00102200102300103100103200103300110100110200110300111100111200111300112100112200
02000003000011000012000013000021000022000023000031000032000033000101000102000103
31200031300032100032200032300033100033200033300100100200100300101100101200101300
02330003010003020003030003110003120003130003210003220003230003310003320003330010
03200003300010100010200010300011100011200011300012100012200012300013100013200013
23000331000332000333001001002001003001011001012001013001021001022001023001031001
00300001100001200001300002100002200002300003100003200003300010100010200010300011
00120300121100121200121300122100122200122300123100123200123300130100130200130300
01131001132001133001201001202001203001211001212001213001221001222001223001231001
03230003310003320003330010010020010030010110010120010130010210010220010230010310
02210002220002230002310002320002330003010003020003030003110003120003130003210003
12030012110012120012130012210012220012230012310012320012330013010013020013030013
00221000222000223000231000232000233000301000302000303000311000312000313000321000
30001010001020001030001110001120001130001210001220001230001310001320001330002010
30002010002020002030002110002120002130002210002220002230002310002320002330003010
02300103100103200103300110100110200110300111100111200111300112100112200112300113
00200000300001100001200001300002100002200002300003100003200003300010100010200010
30001210001220001230001310001320001330002010002020002030002110002120002130002210
00122300123100123200123300130100130200130300131100131200131300132100132200132300
12000313000321000322000323000331000332000333001001002001003001011001012001013001
01212001213001221001222001223001231001232001233001301001302001303001311001312001
01010001020001030001110001120001130001210001220001230001310001320001330002010002
02220002230002310002320002330003010003020003030003110003120003130003210003220003
01000202000203000211000212000213000221000222000223000231000232000233000301000302
11300012100012200012300013100013200013300020100020200020300021100021200021300022
21000322000323000331000332000333001001002001003001011001012001013001021001022001
01000302000303000311000312000313000321000322000323000331000332000333001001002001
00321000322000323000331000332000333001001002001003001011001012001013001021001022
32000333001001002001003001011001012001013001021001022001023001031001032001033001
03010003020003030003110003120003130003210003220003230003310003320003330010010020
21300022100022200022300023100023200023300030100030200030300031100031200031300032
21200121300122100122200122300123100123200123300130100130200130300131100131200131
01001102001103001111001112001113001121001122001123001131001132001133001201001202
10320010330011010011020011030011110011120011130011210011220011230011310011320011
00011000012000013000021000022000023000031000032000033000101000102000103000111000
31001132001133001201001202001203001211001212001213001221001222001223001231001232
30011010011020011030011110011120011130011210011220011230011310011320011330012010
00110000120000130000210000220000230000310000320000330001010001020001030001110001
12010012020012030012110012120012130012210012220012230012310012320012330013010013
03120003130003210003220003230003310003320003330010010020010030010110010120010130
02200002300003100003200003300010100010200010300011100011200011300012100012200012
00001200001300002100002200002300003100003200003300010100010200010300011100011200
11001212001213001221001222001223001231001232001233001301001302001303001311001312
00020300021100021200021300022100022200022300023100023200023300030100030200030300
00032300033100033200033300100100200100300101100101200101300102100102200102300103
22200022300023100023200023300030100030200030300031100031200031300032100032200032
13000321000322000323000331000332000333001001002001003001011001012001013001021001
00030200030300031100031200031300032100032200032300033100033200033300100100200100
02100002200002300003100003200003300010100010200010300011100011200011300012100012
00101200101300102100102200102300103100103200103300110100110200110300111100111200
31000232000233000301000302000303000311000312000313000321000322000323000331000332
00212000213000221000222000223000231000232000233000301000302000303000311000312000
11100111200111300112100112200112300113100113200113300120100120200120300121100121
32000133000201000202000203000211000212000213000221000222000223000231000232000233
02001203001211001212001213001221001222001223001231001232001233001301001302001303
30000210000220000230000310000320000330001010001020001030001110001120001130001210
20300021100021200021300022100022200022300023100023200023300030100030200030300031
01123001131001132001133001201001202001203001211001212001213001221001222001223001
10130010210010220010230010310010320010330011010011020011030011110011120011130011
10200110300111100111200111300112100112200112300113100113200113300120100120200120
01122001123001131001132001133001201001202001203001211001212001213001221001222001
11020011030011110011120011130011210011220011230011310011320011330012010012020012
00003200003300010100010200010300011100011200011300012100012200012300013100013200
00103100103200103300110100110200110300111100111200111300112100112200112300113100
01023001031001032001033001101001102001103001111001112001113001121001122001123001
00103000111000112000113000121000122000123000131000132000133000201000202000203000
31000132000133000201000202000203000211000212000213000221000222000223000231000232
01030001110001120001130001210001220001230001310001320001330002010002020002030002
12100112200112300113100113200113300120100120200120300121100121200121300122100122
20200120300121100121200121300122100122200122300123100123200123300130100130200130
20012230012310012320012330013010013020013030013110013120013130013210013220013230
00123200123300130100130200130300131100131200131300132100132200132300133100133200
10000120000130000210000220000230000310000320000330001010001020001030001110001120
00110100110200110300111100111200111300112100112200112300113100113200113300120100
13300020100020200020300021100021200021300022100022200022300023100023200023300030
00002000003000011000012000013000021000022000023000031000032000033000101000102000
23300130100130200130300131100131200131300132100132200132300133100133200133300200
00000300001100001200001300002100002200002300003100003200003300010100010200010300
12001213001221001222001223001231001232001233001301001302001303001311001312001313
00002200002300003100003200003300010100010200010300011100011200011300012100012200
12020012030012110012120012130012210012220012230012310012320012330013010013020013
02020002030002110002120002130002210002220002230002310002320002330003010003020003
20011030011110011120011130011210011220011230011310011320011330012010012020012030
01233001301001302001303001311001312001313001321001322001323001331001332001333002
10012220012230012310012320012330013010013020013030013110013120013130013210013220
00200100300101100101200101300102100102200102300103100103200103300110100110200110
33200033300100100200100300101100101200101300102100102200102300103100103200103300
23000131000132000133000201000202000203000211000212000213000221000222000223000231
00220000230000310000320000330001010001020001030001110001120001130001210001220001
00001300002100002200002300003100003200003300010100010200010300011100011200011300
