33113113122113123113132113133113212113213113222113223113232113233113312113313113
03010211010212010213010221010222010223010231010232010233010302010303010311010312
21222121223121232121233121313121322121323121332121333122122123122132122133122213
01032201032301033101033201033301101101201101301102101102201102301103101103201103
30212030212110212120212130212210212220212230212310212320212330213030213110213120
31012032012033012102012103012111012112012113012121012122012123012131012132012133
10311010312010313010321010322010323010331010332010333011011012011013011021011022
00112200112300113100113200113300120100120200120300121100121200121300122100122200
31101131201131301132101132201132301133101133201133301201201301202101202201202301
02213002221002222002223002231002232002233002301002302002303002311002312002313002
10111120111130111210111220111230111310111320111330112020112030112110112120112130
21022122022123022131022132022133022203022211022212022213022221022222022223022231
03031203031303032103032203032303033103033203033303103103203103303111103111203111
13101213201213301220201220301221101221201221301222101222201222301223101223201223
03213203213303221103221203221303222103222203222303223103223203223303231103231203
23133123213123222123223123232123233123313123322123323123332123333131313221313231
02133002201002202002203002211002212002213002221002222002223002231002232002233002
13001121001122001123001131001132001133001201001202001203001211001212001213001221
22001223001231001232001233001301001302001303001311001312001313001321001322001323
00130000210000220000230000310000320000330001010001020001030001110001120001130001
23130123210123220123230123310123320123330130130210130220130230130310130320130330
30133210133220133230133310133320133330202020302021102021202021302022102022202022
20133230133310133320133330202020302021102021202021302022102022202022302023102023
13323013331013332013333020202030202110202120202130202210202220202230202310202320
23211023212023213023221023222023223023231023232023233023303023311023312023313023
21122231122321122331123121123131123221123231123321123331131131221131231131321131
20100120200120300121100121200121300122100122200122300123100123200123300130100130
23320123330130130210130220130230130310130320130330131020131030131110131120131130
31310231320231330232030232110232120232130232210232220232230232310232320232330233
11000112000113000121000122000123000131000132000133000201000202000203000211000212
03000311000312000313000321000322000323000331000332000333001001002001003001011001
11220211230211310211320211330212030212110212120212130212210212220212230212310212
11330212030212110212120212130212210212220212230212310212320212330213030213110213
12131212221212231212321212331213131213221213231213321213331221221231221321221331
33332222223222233222323222333223223233223323223333232323332332333333000000100000
02100302200302300303100303200303300310100310200310300311100311200311300312100312
10101320101330102020102030102110102120102130102210102220102230102310102320102330
23033231033232033233033311033312033313033321033322033323033331033332033333111111
33220333230333310333320333331111112111113111122111123111132111133111212111213111
11122311123211123311131211131311132211132311133211133311211211311212211212311213
32002133002201002202002203002211002212002213002221002222002223002231002232002233
11101211201211301212101212201212301213101213201213301220201220301221101221201221
31213321213331221221231221321221331222131222221222231222321222331223131223221223
03322203322303323103323203323303331103331203331303332103332203332303333103333203
30331310331320331330332110332120332130332210332220332230332310332320332330333110
20233330303031103031203031303032103032203032303033103033203033303103103203103303
11123211123311131211131311132211132311133211133311211211311212211212311213211213
20212130212210212220212230212310212320212330213030213110213120213130213210213220
01302001303001311001312001313001321001322001323001331001332001333002002003002011
20201320301321101321201321301322101322201322301323101323201323301330201330301331
23021231021232021233021303021311021312021313021321021322021323021331021332021333
00211000212000213000221000222000223000231000232000233000301000302000303000311000
33231133321133331212121312122212122312123212123312131312132212132312133212133312
01110001120001130001210001220001230001310001320001330002010002020002030002110002
20000130000210000220000230000310000320000330001010001020001030001110001120001130
11031312031313031321031322031323031331031332031333032032033032111032112032113032
01011301012101012201012301013101013201013301020201020301021101021201021301022101
10331220331230331310331320331330332110332120332130332210332220332230332310332320
13032013033013102013103013111013112013113013121013122013123013131013132013133013
01120101130101210101220101230101310101320101330102020102030102110102120102130102
20120020130020210020220020230020310020320020330021010021020021030021110021120021
12330013010013020013030013110013120013130013210013220013230013310013320013330020
21200321300322100322200322300323100323200323300330100330200330300331100331200331
22100322200322300323100323200323300330100330200330300331100331200331300332100332
23023231023232023233023303023311023312023313023321023322023323023331023332023333
12121012122012123012131012132012133012202012203012211012212012213012221012222012
31211331311332211332311333211333312121213121222121223121232121233121313121322121
03020003030003110003120003130003210003220003230003310003320003330010010020010030
23021331021332021333022022023022031022032022033022103022111022112022113022121022
00000010000020000030000110000120000130000210000220000230000310000320000330001010
23122132122133122213122222122223122232122233122313122322122323122332122333123123
32113032121032122032123032131032132032133032211032212032213032221032222032223032
00222100222200222300223100223200223300230100230200230300231100231200231300232100
02301303101303201303301310201310301311101311201311301312101312201312301313101313
11032112032113032121032122032123032131032132032133032211032212032213032221032222
13212313312321312322212322312323212323312331312332212332312333212333313131322131
03121203121303122103122203122303123103123203123303131103131203131303132103132203
00333001001002001003001011001012001013001021001022001023001031001032001033001101
03310203320203330210210220210230210310210320210330211030211110211120211130211210
31301332101332201332301333101333201333302020203020211020212020213020221020222020
01230101310101320101330102020102030102110102120102130102210102220102230102310102
10323120323130323210323220323230323310323320323330330331110331120331130331210331
10132010133010202010203010211010212010213010221010222010223010231010232010233010
31002032002033002101002102002103002111002112002113002121002122002123002131002132
22213122222122223122232122233122313122322122323122332122333123123132123133123213
11022112022113022121022122022123022131022132022133022203022211022212022213022221
23011031011032011033011102011103011111011112011113011121011122011123011131011132
03032303033103033203033303103103203103303111103111203111303112103112203112303113
13322213322313323213323313332213332313333213333322222232222332223232223332232232
30120210120220120230120310120320120330121020121030121110121120121130121210121220
31001032001033001101001102001103001111001112001113001121001122001123001131001132
01202101202201202301203101203201203301210201210301211101211201211301212101212201
13113013121013122013123013131013132013133013202013203013211013212013213013221013
20023230023310023320023330030030110030120030130030210030220030230030310030320030
20110020120020130020210020220020230020310020320020330021010021020021030021110021
03223203223303231103231203231303232103232203232303233103233203233303303311103311
00213000221000222000223000231000232000233000301000302000303000311000312000313000
00201300202100202200202300203100203200203300210100210200210300211100211200211300
10111120111130111210111220111230111310111320111330112020112030112110112120112130
30323210323220323230323310323320323330330331110331120331130331210331220331230331
10011220011230011310011320011330012010012020012030012110012120012130012210012220
33001201001202001203001211001212001213001221001222001223001231001232001233001301
03330310310320310330311110311120311130311210311220311230311310311320311330312110
03020003030003110003120003130003210003220003230003310003320003330010010020010030
21103221203221303222103222203222303223103223203223303231103231203231303232103232
13302013303013311013312013313013321013322013323013331013332013333020202030202110
31121221121231121321121331122121122131122221122231122321122331123121123131123221
10132010133010202010203010211010212010213010221010222010223010231010232010233010
21112131112221112231112321112331113121113131113221113231113321113331121121131121
21313231313321313331321321331322221322231322321322331323221323231323321323331331
20211230211310211320211330212030212110212120212130212210212220212230212310212320
02003103003111003112003113003121003122003123003131003132003133003201003202003203
20001030001110001120001130001210001220001230001310001320001330002010002020002030
13112122112123112132112133112212112213112222112223112232112233112312112313112322
10020320020330021010021020021030021110021120021130021210021220021230021310021320
03001311001312001313001321001322001323001331001332001333002002003002011002012002
22300223100223200223300230100230200230300231100231200231300232100232200232300233
33230233310233320233330303031103031203031303032103032203032303033103033203033303
01123301130201130301131101131201131301132101132201132301133101133201133301201201
23000031000032000033000101000102000103000111000112000113000121000122000123000131
31230031310031320031330032010032020032030032110032120032130032210032220032230032
23203323303331103331203331303332103332203332303333103333203333311111121111131111
32121333122122123122132122133122213122222122223122232122233122313122322122323122
32120032130032210032220032230032310032320032330033010033020033030033110033120033
33012012013012021012022012023012031012032012033012102012103012111012112012113012
32230032310032320032330033010033020033030033110033120033130033210033220033230033
10102220102230102310102320102330103020103030103110103120103130103210103220103230
23300130100130200130300131100131200131300132100132200132300133100133200133300200
33330303031103031203031303032103032203032303033103033203033303103103203103303111
13223213223313232213232313233213233313313322213322313323213323313332213332313333
10112120112130112210112220112230112310112320112330113020113030113110113120113130
21012022012023012031012032012033012102012103012111012112012113012121012122012123
33000201000202000203000211000212000213000221000222000223000231000232000233000301
12023313023321023322023323023331023332023333030303110303120303130303210303220303
21103121203121303122103122203122303123103123203123303131103131203131303132103132
31111112111113111122111123111132111133111212111213111222111223111232111233111312
00201300202100202200202300203100203200203300210100210200210300211100211200211300
21031222031223031231031232031233031311031312031313031321031322031323031331031332
30110210110220110230110310110320110330111020111030111110111120111130111210111220
23311131211131311132211132311133211133311211211311212211212311213211213311221211
20330121020121030121110121120121130121210121220121230121310121320121330122020122
00033200033300100100200100300101100101200101300102100102200102300103100103200103
32221032222032223032231032232032233032311032312032313032321032322032323032331032
21112131112221112231112321112331113121113131113221113231113321113331121121131121
00210300211100211200211300212100212200212300213100213200213300220100220200220300
21202321302322102322202322302323102323202323302330302331102331202331302332102332
02223102223202223302230302231102231202231302232102232202232302233102233202233302
23120223130223210223220223230223310223320223330230230310230320230330231030231110
12302313102313202313302320302321102321202321302322102322202322302323102323202323
00222200222300223100223200223300230100230200230300231100231200231300232100232200
20221230221310221320221330222030222110222120222130222210222220222230222310222320
12223312231312232212232312233212233312312313212313312321312322212322312323212323
10121220121230121310121320121330122020122030122110122120122130122210122220122230
02301103101103201103301110201110301111101111201111301112101112201112301113101113
22320322330323110323120323130323210323220323230323310323320323330330331110331120
02102102202102302103102103202103302110302111102111202111302112102112202112302113
22103222203222303223103223203223303231103231203231303232103232203232303233103233
10221320221330222030222110222120222130222210222220222230222310222320222330223030
30322310322320322330323110323120323130323210323220323230323310323320323330330331
02103202103302110302111102111202111302112102112202112302113102113202113302120302
12203012211012212012213012221012222012223012231012232012233012302012303012311012
02202202302203102203202203302210302211102211202211302212102212202212302213102213
10001220001230001310001320001330002010002020002030002110002120002130002210002220
01020201020301021101021201021301022101022201022301023101023201023301030201030301
11212111213111222111223111232111233111312111313111322111323111332111333112112113
10103120103130103210103220103230103310103320103330110110120110130110210110220110
22312323212323312331312332212332312333212333313131322131323131332131333132132133
13103113203113303121103121203121303122103122203122303123103123203123303131103131
23322332322333323232333233233333300000010000020000030000110000120000130000210000
23230223310223320223330230230310230320230330231030231110231120231130231210231220
12322112323112332112333113113122113123113132113133113212113213113222113223113232
20032030032110032120032130032210032220032230032310032320032330033010033020033030
22033022103022111022112022113022121022122022123022131022132022133022203022211022
31030131110131120131130131210131220131230131310131320131330132020132030132110132
31311232211232311233211233311311312211312311313211313311321211321311322211322311
30001110001120001130001210001220001230001310001320001330002010002020002030002110
10303320303330310310320310330311110311120311130311210311220311230311310311320311
03000311000312000313000321000322000323000331000332000333001001002001003001011001
22203122303123103123203123303131103131203131303132103132203132303133103133203133
20033030033110033120033130033210033220033230033310033320033330101010201010301011
32001333002002003002011002012002013002021002022002023002031002032002033002101002
21100121200121300122100122200122300123100123200123300130100130200130300131100131
32133132222132223132232132233132322132323132332132333133133222133223133232133233
22311022312022313022321022322022323022331022332022333023023031023032023033023103
13322113323113332113333121212131212221212231212321212331213131213221213231213321
33323323333330000001000002000003000011000012000013000021000022000023000031000032
20100220200220300221100221200221300222100222200222300223100223200223300230100230
23101323201323301330201330301331101331201331301332101332201332301333101333201333
11013212013213013221013222013223013231013232013233013302013303013311013312013313
02132102132202132302133102133202133302202202302203102203202203302210302211102211
02010103010111010112010113010121010122010123010131010132010133010202010203010211
11032212032213032221032222032223032231032232032233032311032312032313032321032322
33010302010303010311010312010313010321010322010323010331010332010333011011012011
00210200210300211100211200211300212100212200212300213100213200213300220100220200
13121222121223121232121233121313121322121323121332121333122122123122132122133122
02323202323302330302331102331202331302332102332202332302333102333202333303030311
31200331300332100332200332300333100333200333301010102010103010111010112010113010
30021010021020021030021110021120021130021210021220021230021310021320021330022010
13213213313222213222313223213223313232213232313233213233313313322213322313323213
03012211012212012213012221012222012223012231012232012233012302012303012311012312
03223203223303231103231203231303232103232203232303233103233203233303303311103311
10200010300011100011200011300012100012200012300013100013200013300020100020200020
33322033323033331033332033333111111211111311112211112311113211113311121211121311
03210203220203230203310203320203330210210220210230210310210320210330211030211110
22300323100323200323300330100330200330300331100331200331300332100332200332300333
12313212313312321312322212322312323212323312331312332212332312333212333313131322
33130133210133220133230133310133320133330202020302021102021202021302022102022202
00103000111000112000113000121000122000123000131000132000133000201000202000203000
23113023121023122023123023131023132023133023203023211023212023213023221023222023
01232001233001301001302001303001311001312001313001321001322001323001331001332001
13321113331121121131121221121231121321121331122121122131122221122231122321122331
00010200010300011100011200011300012100012200012300013100013200013300020100020200
11131111221111231111321111331112121112131112221112231112321112331113121113131113
22101222201222301223101223201223301230201230301231101231201231301232101232201232
31313321313331321321331322221322231322321322331323221323231323321323331331332221
30123310123320123330130130210130220130230130310130320130330131020131030131110131
21033122033123033131033132033133033211033212033213033221033222033223033231033232
31212221212231212321212331213131213221213231213321213331221221231221321221331222
33230133310133320133330202020302021102021202021302022102022202022302023102023202
30222210222220222230222310222320222330223030223110223120223130223210223220223230
22230322310322320322330323110323120323130323210323220323230323310323320323330330
21003222003223003231003232003233003301003302003303003311003312003313003321003322
02110202120202130202210202220202230202310202320202330203030203110203120203130203
31212321212331213131213221213231213321213331221221231221321221331222131222221222
23302330302331102331202331302332102332202332302333102333202333303030311030312030
00301000302000303000311000312000313000321000322000323000331000332000333001001002
23122232122233122313122322122323122332122333123123132123133123213123222123223123
13032221032222032223032231032232032233032311032312032313032321032322032323032331
11030312030313030321030322030323030331030332030333031031032031033031111031112031
01122301123101123201123301130201130301131101131201131301132101132201132301133101
21332121333122122123122132122133122213122222122223122232122233122313122322122323
12210312220312230312310312320312330313110313120313130313210313220313230313310313
23220323230323310323320323330330331110331120331130331210331220331230331310331320
13030213110213120213130213210213220213230213310213320213330220220230220310220320
11003012003013003021003022003023003031003032003033003101003102003103003111003112
01202001203001211001212001213001221001222001223001231001232001233001301001302001
23130323210323220323230323310323320323330330331110331120331130331210331220331230
30313210313220313230313310313320313330320320330321110321120321130321210321220321
22331223131223221223231223321223331231231321231331232131232221232231232321232331
20002230002310002320002330003010003020003030003110003120003130003210003220003230
00300101100101200101300102100102200102300103100103200103300110100110200110300111
23220023230023310023320023330030030110030120030130030210030220030230030310030320
22310322320322330323110323120323130323210323220323230323310323320323330330331110
23322023323023331023332023333030303110303120303130303210303220303230303310303320
13223013231013232013233013302013303013311013312013313013321013322013323013331013
22130022210022220022230022310022320022330023010023020023030023110023120023130023
21230221310221320221330222030222110222120222130222210222220222230222310222320222
22232322233322322323322332322333323232333233233333300000010000020000030000110000
30111020111030111110111120111130111210111220111230111310111320111330112020112030
12210112220112230112310112320112330113020113030113110113120113130113210113220113
22133223133232133233133322133323133332133333222222322223322232322233322322323322
20000230000310000320000330001010001020001030001110001120001130001210001220001230
33131133221133231133321133331212121312122212122312123212123312131312132212132312
00303300310100310200310300311100311200311300312100312200312300313100313200313300
03103303111103111203111303112103112203112303113103113203113303121103121203121303
21230321310321320321330322110322120322130322210322220322230322310322320322330323
10122120122130122210122220122230122310122320122330123020123030123110123120123130
31120131130131210131220131230131310131320131330132020132030132110132120132130132
20022330023010023020023030023110023120023130023210023220023230023310023320023330
00313100313200313300320100320200320300321100321200321300322100322200322300323100
20130120210120220120230120310120320120330121020121030121110121120121130121210121
11132011133011202011203011211011212011213011221011222011223011231011232011233011
30010210010220010230010310010320010330011010011020011030011110011120011130011210
00301100301200301300302100302200302300303100303200303300310100310200310300311100
23201223301230201230301231101231201231301232101232201232301233101233201233301301
33213133313213213313222213222313223213223313232213232313233213233313313322213322
13223213223313232213232313233213233313313322213322313323213323313332213332313333
13000121000122000123000131000132000133000201000202000203000211000212000213000221
00210300211100211200211300212100212200212300213100213200213300220100220200220300
22030222110222120222130222210222220222230222310222320222330223030223110223120223
02230202310202320202330203030203110203120203130203210203220203230203310203320203
30122210122220122230122310122320122330123020123030123110123120123130123210123220
00102000103000111000112000113000121000122000123000131000132000133000201000202000
22111323111332111333112112113112122112123112132112133112212112213112222112223112
21231121321121331122121122131122221122231122321122331123121123131123221123231123
30123210123220123230123310123320123330130130210130220130230130310130320130330131
20331330332110332120332130332210332220332230332310332320332330333110333120333130
02130002210002220002230002310002320002330003010003020003030003110003120003130003
02003002011002012002013002021002022002023002031002032002033002101002102002103002
33030133110133120133130133210133220133230133310133320133330202020302021102021202
23300130100130200130300131100131200131300132100132200132300133100133200133300200
30233310233320233330303031103031203031303032103032203032303033103033203033303103
30103020103030103110103120103130103210103220103230103310103320103330110110120110
33213033221033222033223033231033232033233033311033312033313033321033322033323033
01131201131301132101132201132301133101133201133301201201301202101202201202301203
12213312221312222212222312223212223312231312232212232312233212233312312313212313
11301212101212201212301213101213201213301220201220301221101221201221301222101222
21321221331222131222221222231222321222331223131223221223231223321223331231231321
32131333132132133132222132223132232132233132322132323132332132333133133222133223
22323222333223223233223323223333232323332332333333000000100000200000300001100001
00211100211200211300212100212200212300213100213200213300220100220200220300221100
03210103220103230103310103320103330110110120110130110210110220110230110310110320
23121332121333122122123122132122133122213122222122223122232122233122313122322122
01020201020301021101021201021301022101022201022301023101023201023301030201030301
10312010313010321010322010323010331010332010333011011012011013011021011022011023
02232202232302233102233202233302302303102303202303302310302311102311202311302312
30012110012120012130012210012220012230012310012320012330013010013020013030013110
22001323001331001332001333002002003002011002012002013002021002022002023002031002
22223122232122233122313122322122323122332122333123123132123133123213123222123223
11321211321311322211322311323211323311331211331311332211332311333211333312121213
03022111022112022113022121022122022123022131022132022133022203022211022212022213
11130211210211220211230211310211320211330212030212110212120212130212210212220212
00100000200000300001100001200001300002100002200002300003100003200003300010100010
32113233113312113313113322113323113332113333121212131212221212231212321212331213
13030113110113120113130113210113220113230113310113320113330120120130120210120220
01110001120001130001210001220001230001310001320001330002010002020002030002110002
22030222110222120222130222210222220222230222310222320222330223030223110223120223
20012030012110012120012130012210012220012230012310012320012330013010013020013030
23303331103331203331303332103332203332303333103333203333311111121111131111221111
10030220030230030310030320030330031010031020031030031110031120031130031210031220
23212223312231312232212232312233212233312312313212313312321312322212322312323212
03100303200303300310100310200310300311100311200311300312100312200312300313100313
01121101121201121301122101122201122301123101123201123301130201130301131101131201
20213230213310213320213330220220230220310220320220330221030221110221120221130221
21020222020223020231020232020233020303020311020312020313020321020322020323020331
02323202323302330302331102331202331302332102332202332302333102333202333303030311
20202330203030203110203120203130203210203220203230203310203320203330210210220210
02231102231202231302232102232202232302233102233202233302302303102303202303302310
02132202132302133102133202133302202202302203102203202203302210302211102211202211
13123013131013132013133013202013203013211013212013213013221013222013223013231013
13323113332113333121212131212221212231212321212331213131213221213231213321213331
32110332120332130332210332220332230332310332320332330333110333120333130333210333
30021110021120021130021210021220021230021310021320021330022010022020022030022110
22232222332223232223332232232332233232233332323233323323333330000001000002000003
11311212211212311213211213311221211221311222211222311223211223311231211231311232
23122332122333123123132123133123213123222123223123232123233123313123322123323123
12120012130012210012220012230012310012320012330013010013020013030013110013120013
21202221302222102222202222302223102223202223302230302231102231202231302232102232
23100323200323300330100330200330300331100331200331300332100332200332300333100333
30113210113220113230113310113320113330120120130120210120220120230120310120320120
20100320200320300321100321200321300322100322200322300323100323200323300330100330
00122200122300123100123200123300130100130200130300131100131200131300132100132200
12201112301113101113201113301120201120301121101121201121301122101122201122301123
13300220100220200220300221100221200221300222100222200222300223100223200223300230
30001310001320001330002010002020002030002110002120002130002210002220002230002310
31031332031333032032033032111032112032113032121032122032123032131032132032133032
02203302210302211102211202211302212102212202212302213102213202213302220302221102
20232230232310232320232330233030233110233120233130233210233220233230233310233320
32133132222132223132232132233132322132323132332132333133133222133223133232133233
01321001322001323001331001332001333002002003002011002012002013002021002022002023
31033232033233033311033312033313033321033322033323033331033332033333111111211111
22310122320122330123020123030123110123120123130123210123220123230123310123320123
31210331220331230331310331320331330332110332120332130332210332220332230332310332
12201012301013101013201013301020201020301021101021201021301022101022201022301023
22211122311123211123311131211131311132211132311133211133311211211311212211212311
31200031300032100032200032300033100033200033300100100200100300101100101200101300
13322013323013331013332013333020202030202110202120202130202210202220202230202310
31103231203231303232103232203232303233103233203233303303311103311203311303312103
21302322102322202322302323102323202323302330302331102331202331302332102332202332
13310113320113330120120130120210120220120230120310120320120330121020121030121110
20120330121020121030121110121120121130121210121220121230121310121320121330122020
22100122200122300123100123200123300130100130200130300131100131200131300132100132
20120330121020121030121110121120121130121210121220121230121310121320121330122020
10123120123130123210123220123230123310123320123330130130210130220130230130310130
20102130102210102220102230102310102320102330103020103030103110103120103130103210
33301201201301202101202201202301203101203201203301210201210301211101211201211301
10211120211130211210211220211230211310211320211330212030212110212120212130212210
03222303223103223203223303231103231203231303232103232203232303233103233203233303
01331101331201331301332101332201332301333101333201333302020203020211020212020213
31012232012233012302012303012311012312012313012321012322012323012331012332012333
10232010233010302010303010311010312010313010321010322010323010331010332010333011
10021220021230021310021320021330022010022020022030022110022120022130022210022220
23022131022132022133022203022211022212022213022221022222022223022231022232022233
00313200313300320100320200320300321100321200321300322100322200322300323100323200
30030030110030120030130030210030220030230030310030320030330031010031020031030031
30133110133120133130133210133220133230133310133320133330202020302021102021202021
33131233221233231233321233331313132213132313133213133313213213313222213222313223
02210102220102230102310102320102330103020103030103110103120103130103210103220103
31101331201331301332101332201332301333101333201333302020203020211020212020213020
30000210000220000230000310000320000330001010001020001030001110001120001130001210
23212223312231312232212232312233212233312312313212313312321312322212322312323212
23111023112023113023121023122023123023131023132023133023203023211023212023213023
22202122302123102123202123302130302131102131202131302132102132202132302133102133
31302032102032202032302033102033202033302102102202102302103102103202103302110302
23310223320223330230230310230320230330231030231110231120231130231210231220231230
22003123003131003132003133003201003202003203003211003212003213003221003222003223
00313300320100320200320300321100321200321300322100322200322300323100323200323300
32000333001001002001003001011001012001013001021001022001023001031001032001033001
13031013032013033013102013103013111013112013113013121013122013123013131013132013
10113010121010122010123010131010132010133010202010203010211010212010213010221010
23013331013332013333020202030202110202120202130202210202220202230202310202320202
20023230023310023320023330030030110030120030130030210030220030230030310030320030
03132203132303133103133203133303203203303211103211203211303212103212203212303213
21132331133121133131133221133231133321133331212121312122212122312123212123312131
12220112230112310112320112330113020113030113110113120113130113210113220113230113
00231300232100232200232300233100233200233300300301100301200301300302100302200302
32310032320032330033010033020033030033110033120033130033210033220033230033310033
23032023033023103023111023112023113023121023122023123023131023132023133023203023
11031212031213031221031222031223031231031232031233031311031312031313031321031322
22322223322232322233322322323322332322333323232333233233333300000010000020000030
02003203003211003212003213003221003222003223003231003232003233003301003302003303
00130100130200130300131100131200131300132100132200132300133100133200133300200200
11133211133311211211311212211212311213211213311221211221311222211222311223211223
03100103200103300110100110200110300111100111200111300112100112200112300113100113
12220312230312310312320312330313110313120313130313210313220313230313310313320313
00121000122000123000131000132000133000201000202000203000211000212000213000221000
20023330030030110030120030130030210030220030230030310030320030330031010031020031
03202003203003211003212003213003221003222003223003231003232003233003301003302003
21211221311222211222311223211223311231211231311232211232311233211233311311312211
32020032030032110032120032130032210032220032230032310032320032330033010033020033
11002312002313002321002322002323002331002332002333003003011003012003013003021003
12122112123112132112133112212112213112222112223112232112233112312112313112322112
30220220230220310220320220330221030221110221120221130221210221220221230221310221
02130102210102220102230102310102320102330103020103030103110103120103130103210103
30113110113120113130113210113220113230113310113320113330120120130120210120220120
23000331000332000333001001002001003001011001012001013001021001022001023001031001
11212311213211213311221211221311222211222311223211223311231211231311232211232311
02120302121102121202121302122102122202122302123102123202123302130302131102131202
31223131223221223231223321223331231231321231331232131232221232231232321232331233
23323333330000001000002000003000011000012000013000021000022000023000031000032000
03121203121303122103122203122303123103123203123303131103131203131303132103132203
11201311301312101312201312301313101313201313301320201320301321101321201321301322
11213211213311221211221311222211222311223211223311231211231311232211232311233211
11323211323311331211331311332211332311333211333312121213121222121223121232121233
32021033021103021111021112021113021121021122021123021131021132021133021203021211
02103102103202103302110302111102111202111302112102112202112302113102113202113302
21103021111021112021113021121021122021123021131021132021133021203021211021212021
02101302201302301303101303201303301310201310301311101311201311301312101312201312
23030223110223120223130223210223220223230223310223320223330230230310230320230330
01203201203301210201210301211101211201211301212101212201212301213101213201213301
02232102232202232302233102233202233302302303102303202303302310302311102311202311
33131133221133231133321133331212121312122212122312123212123312131312132212132312
00021100021200021300022100022200022300023100023200023300030100030200030300031100
32001133001201001202001203001211001212001213001221001222001223001231001232001233
30120030130030210030220030230030310030320030330031010031020031030031110031120031
03330210210220210230210310210320210330211030211110211120211130211210211220211230
23232023233023303023311023312023313023321023322023323023331023332023333030303110
20232330233030233110233120233130233210233220233230233310233320233330303031103031
32311233211233311311312211312311313211313311321211321311322211322311323211323311
22313022321022322022323022331022332022333023023031023032023033023103023111023112
13220113230113310113320113330120120130120210120220120230120310120320120330121020
00223200223300230100230200230300231100231200231300232100232200232300233100233200
01221201221301222101222201222301223101223201223301230201230301231101231201231301
22202322302323102323202323302330302331102331202331302332102332202332302333102333
11113211113311121211121311122211122311123211123311131211131311132211132311133211
00103100103200103300110100110200110300111100111200111300112100112200112300113100
31220231230231310231320231330232030232110232120232130232210232220232230232310232
30311310311320311330312110312120312130312210312220312230312310312320312330313110
31003132003133003201003202003203003211003212003213003221003222003223003231003232
22121223121232121233121313121322121323121332121333122122123122132122133122213122
11120311130311210311220311230311310311320311330312110312120312130312210312220312
22130022210022220022230022310022320022330023010023020023030023110023120023130023
21021222021223021231021232021233021303021311021312021313021321021322021323021331
10030220030230030310030320030330031010031020031030031110031120031130031210031220
20001230001310001320001330002010002020002030002110002120002130002210002220002230
32200132300133100133200133300200200300201100201200201300202100202200202300203100
32312333212333313131322131323131332131333132132133132222132223132232132233132322
22222232222332223232223332232232332233232233332323233323323333330000001000002000
10023220023230023310023320023330030030110030120030130030210030220030230030310030
10011320011330012010012020012030012110012120012130012210012220012230012310012320
12220212230212310212320212330213030213110213120213130213210213220213230213310213
30012010012020012030012110012120012130012210012220012230012310012320012330013010
03232303233103233203233303303311103311203311303312103312203312303313103313203313
02321002322002323002331002332002333003003011003012003013003021003022003023003031
32320232330233030233110233120233130233210233220233230233310233320233330303031103
00031300032100032200032300033100033200033300100100200100300101100101200101300102
20223020231020232020233020303020311020312020313020321020322020323020331020332020
30011110011120011130011210011220011230011310011320011330012010012020012030012110
00003000011000012000013000021000022000023000031000032000033000101000102000103000
22000223000231000232000233000301000302000303000311000312000313000321000322000323
22023223023231023232023233023303023311023312023313023321023322023323023331023332
22200022300023100023200023300030100030200030300031100031200031300032100032200032
22130122210122220122230122310122320122330123020123030123110123120123130123210123
13213113222113223113232113233113312113313113322113323113332113333121212131212221
30102110102120102130102210102220102230102310102320102330103020103030103110103120
31213321213331221221231221321221331222131222221222231222321222331223131223221223
00030300031100031200031300032100032200032300033100033200033300100100200100300101
11220111230111310111320111330112020112030112110112120112130112210112220112230112
10320010330011010011020011030011110011120011130011210011220011230011310011320011
31111112111113111122111123111132111133111212111213111222111223111232111233111312
20202130202210202220202230202310202320202330203030203110203120203130203210203220
33333111111211111311112211112311113211113311121211121311122211122311123211123311
01000002000003000011000012000013000021000022000023000031000032000033000101000102
01322101322201322301323101323201323301330201330301331101331201331301332101332201
32021333022022023022031022032022033022103022111022112022113022121022122022123022
31300332100332200332300333100333200333301010102010103010111010112010113010121010
10203220203230203310203320203330210210220210230210310210320210330211030211110211
03211103211203211303212103212203212303213103213203213303221103221203221303222103
20232230232310232320232330233030233110233120233130233210233220233230233310233320
22212222312223212223312231312232212232312233212233312312313212313312321312322212
01211101211201211301212101212201212301213101213201213301220201220301221101221201
13031321031322031323031331031332031333032032033032111032112032113032121032122032
12200312300313100313200313300320100320200320300321100321200321300322100322200322
11103211203211303212103212203212303213103213203213303221103221203221303222103222
12231112321112331113121113131113221113231113321113331121121131121221121231121321
13122113123113132113133113212113213113222113223113232113233113312113313113322113
01120001130001210001220001230001310001320001330002010002020002030002110002120002
13331013332013333020202030202110202120202130202210202220202230202310202320202330
00213000221000222000223000231000232000233000301000302000303000311000312000313000
20113130113210113220113230113310113320113330120120130120210120220120230120310120
03002111002112002113002121002122002123002131002132002133002201002202002203002211
01202201202301203101203201203301210201210301211101211201211301212101212201212301
03220103230103310103320103330110110120110130110210110220110230110310110320110330
01022201022301023101023201023301030201030301031101031201031301032101032201032301
23023031023032023033023103023111023112023113023121023122023123023131023132023133
30000110000120000130000210000220000230000310000320000330001010001020001030001110
00003000011000012000013000021000022000023000031000032000033000101000102000103000
12200112300113100113200113300120100120200120300121100121200121300122100122200122
32133333222222322223322232322233322322323322332322333323232333233233333300000010
00333301010102010103010111010112010113010121010122010123010131010132010133010202
