0000101200
2300000031
0100100001
0102000001
1000010120
0122000001
2300000231
0001031000
0001021000
1010000110
0000310000
0121000001
0010200000
1000010020
0000010000
0000321000
0232000002
0000000300
0120000001
0003320000
0000120000
0120000101
1300000321
3000003010
1000003020
0030000101
2000001330
0001011000
1000001020
0000203000
0131000001
3300000301
0103300001
1320000013
0012300000
0303000003
2000002130
2000011030
0100300001
0000101100
0000123000
3320000033
0210000002
0000002300
2200000023
0032300000
0001032000
0111000001
0000113000
0300000111
0010110000
0000311000
0220000002
0021200000
0021300000
0002300000
0221000002
0023100000
1000000220
0022100000
0001100000
0022300000
0000031100
0000000200
0033000001
0020200000
0000020200
3030000031
0000132000
3100000232
0000012000
0101200001
0000011300
0011010000
3000010110
0110100001
1000001120
2230000023
1300000021
1000000120
1300001021
0010000100
0301000003
1100000012
0012100000
1030000011
0032000000
0000013100
2120000021
0102200001
2000000030
0331000003
0002310000
0000110200
0000223000
0002200000
0000031300
1000002020
0000031200
0000023200
0000333000
3000000310
1033000011
1120000011
1100000112
0320000103
0231000002
1000011020
0000312000
0000100000
0002020000
0001001000
0000122000
0003210000
0000020300
0003020000
0000033100
0103100001
2000002230
3000003110
1010000010
1220000012
1000002220
1000010320
0013200000
0001020000
1300000121
2220000022
0110000101
0003230000
3000002310
3330000100
1000003120
0032100000
2000002330
0213000002
3000010010
2000001030
3000010210
0000012300
2020000020
0000032000
0101300001
3020000030
0000121000
3000003210
0000313000
2100000122
0000303000
0003120000
0000011000
0010130000
0000102200
1000000320
0000032100
3300000201
0001120000
3300001101
0000230000
3230000033
3000001010
3300000101
0010100000
0002220000
0000012100
0001013000
0000320000
0003220000
0103200001
0000101000
0101000001
0000001300
3200000033
2000010130
0002210000
0310000003
0000232000
0001103000
2100000322
1100000212
0000112000
2100000222
2200000123
1000001220
1230000013
0000102100
0000013000
0000013200
2000010030
0003110000
1310000013
0000110300
1200000213
1000010220
0003300000
0211000002
1200000313
0010030000
2000001230
0000022100
0000103100
0003310000
0010300000
0100000102
0002100000
1110000011
0020000000
0001130000
3200000333
0003130000
0330000010
0031200000
0000133000
0103000001
0000020000
0030100000
0000022000
0003100000
0123000001
1000003320
2030000021
0333000010
1102000011
0000100200
0000110000
0023200000
1300000221
0033200000
0000100300
1000002320
3000001110
0001102000
0200000103
0000021200
2000010330
0200000303
2200000223
3000002110
0102300001
0312000003
0010310000
2210000022
3000003310
0002130000
0200001103
1021000010
3200000233
0003030000
3120000031
2000003130
0300001011
0000202000
0000231000
3000002010
0012000000
0000221000
0030200000
1000000020
0000213000
2000001130
0032200000
0002330000
1013000010
0100001002
3300001001
0132000001
0000210000
0001300000
0000222000
0230000003
3200000133
0000331000
0013000000
0000103200
0012200000
0010020000
3110000031
0002120000
0011030000
3130000032
0000033000
2000000230
0130000102
0000131000
1100001012
3000000110
0000030300
0001000000
0030000001
0100000202
0001033000
0010220000
2000000130
0002010000
0000013300
0000332000
0001023000
1003000010
3100000032
3220000032
1011000010
0130000002
0000003100
0000022200
0002230000
0031100000
0031300000
0311000003
1130000012
0133000002
0002110000
0310000103
0000000010
0233000003
1330000020
0010330000
2000003030
3000001310
0323000003
0000103300
2300000331
0000011100
0000002000
0011100000
2000000330
0003330000
0000023300
0001101000
0010210000
1100000312
0003010000
0000220000
0002320000
0223000002
1002000010
0330000110
0101100001
1020000110
2000010230
0021100000
0023300000
0000003300
1200001013
1022000010
3000000210
0000003000
1001000010
0200001003
0000200000
3010000030
1200000113
0022000000
0010120000
0230000103
0010000000
0110200001
0332000003
0000012200
3100000332
2200000323
0000130000
0210000102
1031000010
0000100100
0000300000
0010010000
2310000023
0001022000
0033300001
1023000010
0001010000
2100001022
0011300000
0000010200
0013100000
0010230000
0212000002
0011000000
0302000003
3210000032
2100000022
2200001023
0001110000
0000030200
0013300000
0000001000
0000233000
0200000203
0000030000
3000001210
2300001031
0021000000
3310000033
1200000013
0000033300
0000010300
0203000002
0001210000
1020000010
0000010100
0001310000
0000031000
1101000011
0000330000
2320000023
0222000002
0300000011
0003200000
1000002120
0000302000
3000011010
1012000010
0000001200
1032000010
0000022300
0000101300
0000301000
0000211000
2130000022
0113000001
0000000100
0001003000
0000021100
0003000000
0000111000
3000002210
1210000012
0002030000
2000002030
0300000311
0000001100
0001002000
0220000102
2000003230
0313000003
0110000001
0001200000
0001230000
0030300000
0031000000
0001330000
0000102000
0112000001
0000212000
3000010310
0000110100
0202000002
0000322000
2110000021
0000023100
0001320000
2330000030
0000023000
0001012000
0000032300
2000003330
0000021000
0100001102
0000103000
0322000003
0000033200
0001220000
0020000100
0000021300
0321000003
1000003220
0011200000
0000323000
3100000132
0000032200
0020100000
0000201000
0100000002
2300000131
0000002100
0033100000
3100001032
0300000211
0100200001
0102100001
0000003200
0020300000
0011020000
0000020100
0201000002
0000102300
0001030000
0023000000
0010320000
2010000020
0200000003
0100000302
0002000000
0022200000
0000030100
1000001320
0320000003
3200001033
0000011200
0000002200
