3213230132
0010232200
0311332303
3232113132
3123033331
0210200202
3021122110
3100200131
3000020110
0100130102
0021011000
2012200320
0233130202
2002211030
1101102011
1100132312
0223110102
0301123003
2331110123
1130311011
1133120111
0002312000
1201310012
0302220003
2111001021
0211300202
0110300301
3022213310
2011323030
2323202323
2203130122
0122221101
1012300110
1213000112
2302310223
3220033332
3121321031
2201233123
0001311200
1020112110
0230122203
1230213313
3210203132
1121303311
2303213231
0003202200
2123013121
3212132032
0302021311
0322222003
2231333323
2310002123
1001002020
1131020111
0320211003
3222110132
0211022102
2320310223
3001200030
0312120003
3121313321
2233200022
1130103012
0323010203
3030131231
2101220021
1031102310
1011310010
1030113010
0333010110
1300330013
2113000021
1010111220
1132032211
0322021103
0101100001
3231103032
3013013210
2332022023
3203232133
2230303323
1332023113
3332321233
2031121020
0010130000
1220011312
3022223110
3021320130
3210101132
1012203120
2313020223
1112032211
0231200002
3321013033
1112121211
2321230023
0213022202
2032022120
2320210323
1033100010
0313231203
2020101020
2010000320
3211330332
3320131133
3023333210
3120120331
0203103002
0122320201
2213021022
3203102232
1013203220
3121120131
3122030131
0211212002
3002303310
2030222321
0102203101
1221132112
3320031033
2132222231
0323300203
0132121101
2210111122
1112012311
2231330322
2131302121
3332032233
2231113022
1102112312
2003302230
2311003123
2321202023
2123100021
2010022320
0300203011
0222013002
1111223111
2311023123
0202112302
3121330031
1201131313
0113022201
2213321222
1000022320
3010232210
3021102210
1103213312
2101331122
2031031130
3032112210
1122331011
0013100300
0020231200
1023202010
0223320202
2010331330
2222333122
2310022023
2201020323
2000021230
3233102232
1033201210
3202301132
0230022003
0111231201
2213102122
1011000310
1001303220
1010003310
1010200210
3220323232
2210223322
1213232112
0012010200
0022012200
2222123222
3212133333
3132030331
2313002123
3212202132
2222102122
3110221031
2001023030
3113211321
3202221033
1302022221
1311013213
0131212101
3021000030
1323210013
1132210111
2113111321
2203231323
3203212333
1032001210
3133220331
0000103000
0113313001
2033223330
0313310103
1002332320
1130320311
1203223213
2232302322
2211233123
3221310132
1200310113
1210213012
1110323011
1002030120
2131301321
0131120301
2103001121
1213113112
2300222231
3322232223
0130323101
3102130131
0002001000
0013321100
1230330012
0313222303
1022031320
3122130231
2123302221
2323310023
2233200122
1320031113
0101012001
3100021232
0010000000
0120010001
3021113310
2302121331
0203200302
0022210300
0220021102
0211332002
1022012110
1102320211
3231210032
0210230102
0200232303
0212023002
3212111132
0130101001
3102220332
1312333322
1233001313
2023212020
1032133120
0120111301
3202001232
2020020020
0312102103
2103132122
2313313332
2011303230
2033231020
2331011023
3110002031
2321111123
3110123031
2322212023
2123100221
1110131311
3102032132
3312001033
1323323313
2313121023
0313200103
1213231012
3121223131
3313212333
3023031110
3010322020
3133202231
0221311302
2002222230
1221022112
1211311112
2033000021
3200303033
3230212133
3321133233
0210020302
3002120030
2132233331
1233230312
3222001332
3220101132
2222120022
2320003223
3331301333
2021012220
2321113123
2313303123
1210013212
3031323030
0201310102
3002301110
2223321322
1011210010
2013333130
3031232210
2301013331
0221210102
2013021030
0322000303
2320132323
1010302320
3112001331
0222001102
3313103133
3333231033
3000113010
2212203122
3132120231
1330111020
1033301111
2223113022
1012320010
1203231313
1123122111
0102021001
2200103123
1111032211
0232233202
3221110032
0010220100
1233000113
0031203100
0330320303
1233012113
2312210323
1033120310
1132223111
1213231112
0311113103
0031321300
3210202232
0232102202
0313012003
2013302230
0222132202
1300302221
0012103100
3103333031
0312300203
2222233322
1301031321
3332200033
1231103012
3012002130
1022311320
3202001332
2320130223
2232100122
2110330021
0220201002
1322023113
3021111210
1001323120
3212331232
2013013130
3030212231
1023211010
3230313133
3003100230
0313230103
2313302023
3030232031
0231313002
2321020223
3031111110
1011122320
3211210332
1010021310
1222110312
3102021032
1120300011
0313121103
3332311033
0332321003
3120021031
3002132210
2213112222
1111223011
1211221112
1130333011
1033010311
0333110203
0012113200
1232310212
1302013113
3020201030
3031002330
0311103103
1311203213
2311213132
2322101323
3122303031
2130102022
1013322120
1101121312
3200020333
1000122120
0100132102
2221221322
0120030001
1312223222
3133123132
3020302310
0113203201
2122002121
2111300321
3330122301
2003020130
1313123113
2221131022
1013110220
3302233103
3210131232
2110021221
2302321131
1322122313
1330023120
3331001233
0223003202
2001133030
3202101332
1322302013
2103002021
2011123030
0310112003
2212213122
1320013113
0011110000
1123311211
0120130001
1202012112
1123333311
1101033012
0211301202
2322122223
1232130012
0303023103
1110022311
1323320113
0110220201
2333033331
1030213311
3311330333
1303032321
2003320330
2121131021
2033131230
0320322003
1203002012
1232023212
3131112031
0213231002
2031202120
0001323300
2032311330
1111201211
3212021232
1230130012
0310122203
2301323231
0323122203
3221132232
3322122333
3200320333
1120320211
3101001031
2201321323
3003130310
1223030012
2013121230
2303020123
2323303323
0131031201
0112312101
1220220112
3122331231
3211312333
1320222013
3010220310
0010102200
1230330212
0320103003
2030020321
1321212313
1220331212
0232220102
1232133212
2030030020
2121123121
