13320313133303132032
10302113111021131120
13001001210010012200
00300221011002210120
0312102203122022■312
12331330123320201233
02111010021110200211
12322323123223321232
30011200200112003001
21111200211113002111
22133111222121112221
10011222200112223001
011320■0011330000120
11211221112112311121
1310101213201■121330
22011130230111303101
00012133000122010001
011200020113000■0121
02032221020322220203
11002302120023021300
0100332202003■220300
21303112221031■22220
32212123323121233321
30003332100033322000
1■321132203211323032
00213323002133310021
31033332320333323303
■3100111032001110330
03031303030321030303
2■130112212101122122
10003012■00030123000
33123101331232013312
30210210302102■11021
10310220103102301031
01332101013322010■33
21030230210303102103
03101021032010210330
20112202301122031011
23320131233301313021
1011111010111120■011
20300033211000332120
22303233231032332320
13303300133101001331
0320021103■002111010
11000323120003231300
32202021323020213310
11020302120203021302
22321021223220212232
30333321103333212033
12013113130131132101
130001022100010■2200
12133321121333311221
23233222233232222333
12010000120200001203
12323203123233031233
11322130113222101132
011213110■1213120112
220012032300120331■0
01100312012003120130
31232221312322222123
22110130221201302213
12312122132121221331
3312130■331221003312
02330021030100210302
02001222030012221100
33301230123013101230
0322203203■230320323
02302320023023300230
10000031200000313000
00022300000231000002
2220120■223012022310
11031201110313011■03
23211003232120032321
13202101132022011320
21331033213320332133
232310102■2320102323
20222313302223203022
01130031012100310122
23013020310130203201
20201302203013022110
13023110130231201302
00201301002013020020
10300032111000321120
01200133013001330210
01210003012200030123
23100113232001■32330
133■2333213123332221
10233311202333113023
10102033201020333010
22020120220301202211
02302210023022200230
03011210030112200301
22321101223212012232
20221330202220302022
32■13120330131210201
10302110103021201030
2■032001200330012010
232012302330123■3020
22030222221102222212
01300300013011000130
13021201130213011302
23101103232011032330
32001312330013130100
33302003333030033331
13233202132333021330
23121132231311322322
322120313221303■3222
30211031102110312021
13012230210122302201
21231100212312002123
10213113202131133021
11300133121001331220
32212112322131123222
00113313001133210011
22210022222200222223
31132023311330233120
1■030330110310201103
21313031213210312132
13201212133012122020
20020030300200311002
02333010023330200233
12210120122201201223
0022011200220■130022
03133123031331310313
02033033020331030203
31002230320022303300
33300100101001001020
01012131010121320101
03331131033311320333
13122302131231021312
00010332000103330001
03222212032222130322
02021132020211330202
230201132303011323■1
23003331310033313200
20010202300102031001
132121031321220■1321
13002002210020022200
30202012302030123021
30■22200300222011002
32233020323030203231
1001122120011■213001
03101101031012010310
22122211221223112212
33313312333213■23332
2201331■230133103101
02110303021103110211
201120102011301020■2
301003■3302003233030
03021020030■10300302
13223312132313121323
10210203102202031023
10111130101112101011
30313233103132332031
11120030111300301121
30230233102302332023
31210013312200133123
21222011212230112123
02311011023120110231
31101202312012023130
23223120232231302322
300101101001011■2001
02013132■30131321101
23001010310010103■00
003203110032■3120032
1121003311220033■123
23311020233120202331
12020122120301221211
22012323230123233101
12210123122201231223
133■0000200100002002
33131103331312033313
33131030331320303313
10023001100310■11003
20211320202113302021
302112022021120■3021
23100121232001212330
33320213333302202203
13132011131330111320
21132012211330122■20
20201103203011032110
022■0023022200230223
31120123311301233121
02121132021211330212
02■13213022132210221
12331021123■20211233
13111000131120001311
10101332201013323010
20102110301021111010
10121313201213133012
21221102212212022122
30101032101010322010
13233112133121121331
00331330003320100033
02120103021301030221
12100120122001201230
21113132311131332111
100130022■0130023001
12033320120333301210
03200023033000231010
01■01310013013200130
13132320131323301313
20301221211012212120
30331322103313222033
33133111332121113321
23330033301100333012
22003323230033233100
031202030313020■0321
1303320213■333021310
221200132213■0132221
03003203110032031200
22333320223333302302
31231323212313233123
21201320213013202210
13010132210101322201
10333022110230221103
01220003012300030131
3303331033033320330■
■2203010022030200220
00312130003122100031
3321■222333122231231
20112212301122131011
32030231321102313212
13122320131223301312
23033212310332123203
01101130011012100110
01211233012113020121
3■102000331030003311
32302130331021303320
33102102332021023330
030103200301033003■1
10320330103210201032
12022233130222332102
1013132010131330■013
30003200100032002000
003031■2003031330030
22120020221300202221
21321301213221012132
22113200221133002212
3313210233132202■313
33213132333131331321
02110212021102130211
22023111230231113102
21033220210332302103
33132012331330123320
030■3000030210000302
01000212020002120300
32200120323001203310
0310320■031033010311
■3332201033323010333
32000320330003210100
02322231023222320232
322133033222■1033222
12202133123021■31310
00131312001313130013
21002332220023322300
1330012120100■212020
00001020000010300000
01122101011222010112
22300331231003312320
31222001312230013123
11231333112321131123
1333211013332120133■
10232213202322133023
12202011122030111221
32020123320301233211
03310030033200300333
30022112100221122002
32101002321020023210
03233231032332320■23
2■220302232211022322
12033023121030231211
2211003222120032221■
32102020322020203230
2133031■221103132212
1333■023200300232011
12301332131013321320
21202023213020232210
31110230311202303113
03332100033322■00333
10203033202030333020
21333022220230222203
33113211321133113212
■0212210202122202021
22332010223330102301
02133121021331220213
32301301331013013320
21003121220031212300
23312010233130102332
23222313232232132322
13213321132133311322
30131003301320033013
03130111032101110322
31111130311112103111
20132031301320321013
23010300230111002■01
11202322113023221210
233310■2233320022333
0333123103331232■333
31030122311101223112
10112321201123213011
30121310201213103012
22123022221310222213
23211330232120302321
■1013323220133232301
20033303300333101003
00211220002112300021
31333221313332313133
30310100303102003031
20103002201110022011
1130112312101■231220
0102202■010220220102
33100211332002113330
222211102222112022■2
20203232302032331020
30300020311000203120
1221113312311133132■
30123223101232232012
33330120120201201203
13133003132010031320
31301322321013223220
03032323030323310303
30233111102331112023
200113133001132■1001
33002011010020110200
33123320331233303313
22103112222031122230
10021022200210223002
13310221133202211333
32201003322020033220
11301213121012131220
0013222■001322310013
11213110112131201121
31200311313003113210
3332311■333321133333
20012012300120131001
12112123131121232211
23022033310220333202
3003120■100312032003
11333313113333221133
03212010032120200321
21122331311223322112
10231201102313011023
21032113220321132303
■3110320231103302311
30320013303300133101
01033023010330310103
03110133031201330313
■0203201102033011021
33000323010003230200
23313332322133323231
23123303231311032313
31322120313221303132
0■132103031322030313
11230122113101221132
133103121332■3121333
20232202202323022023
21132210■11322202113
01303110013031200130
02323312023233130232
32302022331020223320
30112222101122222011
211002122120■2122130
33031223110312231203
13020102130301021311
33311123112111231131
13331232213212322133
20232100202322002023
03112311031123120311
01221303012213110122
13310033133200331333
10321303103221031032
11201200112013001120
00012101000121020001
13202010132030101321
22202332223023322310
01001032020010320300
11331200113313001133
20211002202120■22021
12020320■20203301202
22313011223210112232
213121■1213131112132
300302■1100302012003
20200200203002002110
■3220222232302222331
02102220021022300210
13310320133103301331
30201303303013033110
01102332011023330110
20223013202310132023
00212130002122100021
01023122010231230102
22002323230023233100
30310303303203033033
33212323333123312331
23221113232311132332
00011210000112200001
00120133001202010012
132020301320211013■0
0002233100022■320002
01303031013030320130
20213312302133131021
330300223311002■3312
03120200031203000312
010021120200211203■0
33211212333112■31131
10021112200211123002
0011132000■113300011
33122■13331231133313
31032120310321303103
20221021202220212022
10111311201113113011
11■01122120011221300
32212011322130113222
22013332230133323101
02211120■22111300221
1022020110220301102■
11221102112212021122
23■11302233121022331
13200231133002312010
21322111213231112133
00031000000320000003
22112230221123102211
00311030003111100031
20130022202100222022
30013132100131322001
01310201013103010131
00011020000110300001
322020003220300■3221
00322■31003220320032
20132201201323012013
3310020133200201■330
03131002031320020313
03001021110010211200
10300332111003321120
20031211300312121003
01301211021012110220
02110323021103310211
2323221023232■202323
2302■212310222123202
03212012032130120322
33303332111033321120
31113120311131303111
21020311220203112302
20111120301111211011
13313123133221231332
01200231013002310210
20120113201301132021
00211321002113220021
02220330022210100222
02312122023121230231
32■31033323320333233
00301223003012310030
10012221200122213001
02030230020303100203
11132101111322011113
00223213002232210022
22033003221010032210
20330333303■10331033
32233102322332023223
103123011031310110■1
30310200303103003031
01023010010230200102
32223220322232303222
20311133303112032031
01022203010222110102
211030212111102■2111
33223010332310103323
01312212013122130131
3121112331311123■221
33202311333023120310
03120313031203210312
11100013112000131130
30330230310302303111
12202300122031001220
21101320212013202130
22102132222021322230
10123123201231233012
10113121201131213011
22012211230122113101
031011■1032011310330
31202110313021103210
22002110230021103■00
12201211123012111310
32111322331113231211
30211200302113003021
32123132331231331312
10023021200230213002
01030330010310100103
20300210211002102120
20022021300220221002
30111101201111013011
11013323120133231301
22310231223202312233
20331003203320032033
10100023102000231■30
10223102102232021022
02032210020322200203
01002303020023030300
03013010030130200301
