13320313133303132032
10302113111021131120
13001001210010012200
00300221011002210120
03121022031220220312
12331330123320201233
02111010021110200211
12322323123223321232
30011200200112003001
21111200211113002111
22133111222121112221
10011222200112223001
01132000011330000120
11211221112112311121
13101012132010121330
22011130230111303101
00012133000122010001
01120002011300020121
02032221020322220203
11002302120023021300
01003322020033220300
21303112221031122220
32212123323121233321
30003332100033322000
10321132203211323032
00213323002133310021
31033332320333323303
03100111032001110330
03031303030321030303
21130112212101122122
10003012200030123000
33123101331232013312
30210210302102111021
10310220103102301031
01332101013322010133
21030230210303102103
03101021032010210330
20112202301122031011
23320131233301313021
10111110101111201011
20300033211000332120
22303233231032332320
13303300133101001331
03200211033002111010
11000323120003231300
32202021323020213310
11020302120203021302
22321021223220212232
30333321103333212033
12013113130131132101
13000102210001022200
12133321121333311221
23233222233232222333
12010000120200001203
12323203123233031233
11322130113222101132
01121311011213120112
22001203230012033100
01100312012003120130
31232221312322222123
22110130221201302213
12312122132121221331
33121300331221003312
02330021030100210302
02001222030012221100
33301230123013101230
03222032032230320323
02302320023023300230
10000031200000313000
00022300000231000002
22201202223012022310
11031201110313011103
23211003232120032321
13202101132022011320
21331033213320332133
23231010232320102323
20222313302223203022
01130031012100310122
23013020310130203201
20201302203013022110
13023110130231201302
00201301002013020020
10300032111000321120
01200133013001330210
01210003012200030123
23100113232001132330
13312333213123332221
10233311202333113023
10102033201020333010
22020120220301202211
02302210023022200230
03011210030112200301
22321101223212012232
20221330202220302022
32013120330131210201
10302110103021201030
20032001200330012010
23201230233012303020
22030222221102222212
01300300013011000130
13021201130213011302
23101103232011032330
32001312330013130100
33302003333030033331
13233202132333021330
23121132231311322322
32212031322130313222
30211031102110312021
13012230210122302201
21231100212312002123
10213113202131133021
11300133121001331220
32212112322131123222
00113313001133210011
22210022222200222223
31132023311330233120
11030330110310201103
21313031213210312132
13201212133012122020
20020030300200311002
02333010023330200233
12210120122201201223
00220112002201130022
03133123031331310313
02033033020331030203
31002230320022303300
33300100101001001020
01012131010121320101
03331131033311320333
13122302131231021312
00010332000103330001
03222212032222130322
02021132020211330202
23020113230301132311
23003331310033313200
20010202300102031001
13212103132122031321
13002002210020022200
30202012302030123021
30022200300222011002
32233020323030203231
10011221200112213001
03101101031012010310
22122211221223112212
33313312333213123332
22013310230133103101
02110303021103110211
20112010201130102012
30100323302003233030
03021020030210300302
13223312132313121323
10210203102202031023
10111130101112101011
30313233103132332031
11120030111300301121
30230233102302332023
31210013312200133123
21222011212230112123
02311011023120110231
31101202312012023130
23223120232231302322
30010110100101102001
02013132030131321101
23001010310010103200
00320311003203120032
11210033112200331123
23311020233120202331
12020122120301221211
22012323230123233101
12210123122201231223
13330000200100002002
33131103331312033313
33131030331320303313
10023001100310011003
20211320202113302021
30211202202112023021
23100121232001212330
33320213333302202203
13132011131330111320
21132012211330122120
20201103203011032110
02210023022200230223
31120123311301233121
02121132021211330212
02213213022132210221
12331021123320211233
13111000131120001311
10101332201013323010
20102110301021111010
10121313201213133012
21221102212212022122
30101032101010322010
13233112133121121331
00331330003320100033
02120103021301030221
12100120122001201230
21113132311131332111
10013002200130023001
12033320120333301210
03200023033000231010
01301310013013200130
13132320131323301313
20301221211012212120
30331322103313222033
33133111332121113321
23330033301100333012
22003323230033233100
03120203031302030321
13033202130333021310
22120013221300132221
03003203110032031200
22333320223333302302
31231323212313233123
21201320213013202210
13010132210101322201
10333022110230221103
01220003012300030131
33033310330333203303
02203010022030200220
00312130003122100031
33212222333122231231
20112212301122131011
32030231321102313212
13122320131223301312
23033212310332123203
01101130011012100110
01211233012113020121
33102000331030003311
32302130331021303320
33102102332021023330
03010320030103300301
10320330103210201032
12022233130222332102
10131320101313301013
30003200100032002000
00303132003031330030
22120020221300202221
21321301213221012132
22113200221133002212
33132102331322023313
33213132333131331321
02110212021102130211
22023111230231113102
21033220210332302103
33132012331330123320
03013000030210000302
01000212020002120300
32200120323001203310
03103201031033010311
03332201033323010333
32000320330003210100
02322231023222320232
32213303322211033222
12202133123021331310
00131312001313130013
21002332220023322300
13300121201001212020
00001020000010300000
01122101011222010112
22300331231003312320
31222001312230013123
11231333112321131123
13332110133321201333
10232213202322133023
12202011122030111221
32020123320301233211
03310030033200300333
30022112100221122002
32101002321020023210
03233231032332320323
23220302232211022322
12033023121030231211
22110032221200322213
32102020322020203230
21330313221103132212
13330023200300232011
12301332131013321320
21202023213020232210
31110230311202303113
03332100033322000333
10203033202030333020
21333022220230222203
33113211321133113212
20212210202122202021
22332010223330102301
02133121021331220213
32301301331013013320
21003121220031212300
23312010233130102332
23222313232232132322
13213321132133311322
30131003301320033013
03130111032101110322
31111130311112103111
20132031301320321013
23010300230111002301
11202322113023221210
23331002233320022333
03331231033312320333
31030122311101223112
10112321201123213011
30121310201213103012
22123022221310222213
23211330232120302321
21013323220133232301
20033303300333101003
00211220002112300021
31333221313332313133
30310100303102003031
20103002201110022011
11301123121011231220
01022021010220220102
33100211332002113330
22221110222211202222
20203232302032331020
30300020311000203120
12211133123111331321
30123223101232232012
33330120120201201203
13133003132010031320
31301322321013223220
03032323030323310303
30233111102331112023
20011313300113201001
33002011010020110200
33123320331233303313
22103112222031122230
10021022200210223002
13310221133202211333
32201003322020033220
11301213121012131220
00132223001322310013
11213110112131201121
31200311313003113210
33323113333321133333
20012012300120131001
12112123131121232211
23022033310220333202
30031203100312032003
11333313113333221133
03212010032120200321
21122331311223322112
10231201102313011023
21032113220321132303
23110320231103302311
30320013303300133101
01033023010330310103
03110133031201330313
10203201102033011021
33000323010003230200
23313332322133323231
23123303231311032313
31322120313221303132
03132103031322030313
11230122113101221132
13310312133203121333
20232202202323022023
21132210211322202113
01303110013031200130
02323312023233130232
32302022331020223320
30112222101122222011
21100212212002122130
33031223110312231203
13020102130301021311
33311123112111231131
13331232213212322133
20232100202322002023
03112311031123120311
01221303012213110122
13310033133200331333
10321303103221031032
11201200112013001120
00012101000121020001
13202010132030101321
22202332223023322310
01001032020010320300
11331200113313001133
20211002202120022021
12020320120203301202
22313011223210112232
21312111213131112132
30030201100302012003
20200200203002002110
23220222232302222331
02102220021022300210
13310320133103301331
30201303303013033110
01102332011023330110
20223013202310132023
00212130002122100021
01023122010231230102
22002323230023233100
30310303303203033033
33212323333123312331
23221113232311132332
00011210000112200001
00120133001202010012
13202030132021101320
00022331000223320002
01303031013030320130
20213312302133131021
33030022331100223312
03120200031203000312
01002112020021120300
33211212333112131131
10021112200211123002
00111320001113300011
33122113331231133313
31032120310321303103
20221021202220212022
10111311201113113011
11001122120011221300
32212011322130113222
22013332230133323101
02211120022111300221
10220201102203011022
11221102112212021122
23311302233121022331
13200231133002312010
21322111213231112133
00031000000320000003
22112230221123102211
00311030003111100031
20130022202100222022
30013132100131322001
01310201013103010131
00011020000110300001
32202000322030003221
00322031003220320032
20132201201323012013
33100201332002013330
03131002031320020313
03001021110010211200
10300332111003321120
20031211300312121003
01301211021012110220
02110323021103310211
23232210232322202323
23022212310222123202
03212012032130120322
33303332111033321120
31113120311131303111
21020311220203112302
20111120301111211011
13313123133221231332
01200231013002310210
20120113201301132021
00211321002113220021
02220330022210100222
02312122023121230231
32331033323320333233
00301223003012310030
10012221200122213001
02030230020303100203
11132101111322011113
00223213002232210022
22033003221010032210
20330333303310331033
32233102322332023223
10312301103131011031
30310200303103003031
01023010010230200102
32223220322232303222
20311133303112032031
01022203010222110102
21103021211110212111
33223010332310103323
01312212013122130131
31211123313111233221
33202311333023120310
03120313031203210312
11100013112000131130
30330230310302303111
12202300122031001220
21101320212013202130
22102132222021322230
10123123201231233012
10113121201131213011
22012211230122113101
03101131032011310330
31202110313021103210
22002110230021103100
12201211123012111310
32111322331113231211
30211200302113003021
32123132331231331312
10023021200230213002
01030330010310100103
20300210211002102120
20022021300220221002
30111101201111013011
11013323120133231301
22310231223202312233
20331003203320032033
10100023102000231030
10223102102232021022
02032210020322200203
01002303020023030300
03013010030130200301
