0000130000002100000022000000230000003100
2310000023200000233000003010000030200000
0003330000100100001002000010030000101100
3000002110000021200000213000002210000022
0000301000003020000030300000311000003120
0003320000033300001001000010020000100300
1003000010110000101200001013000010210000
0011200000113000001210000012200000123000
0000003300000101000001020000010300000111
0121000001220000012300000131000001320000
0000022300000231000002320000023300000301
0001003000010110000101200001013000010210
3320000033300001001000010020000100300001
0000203000002110000021200000213000002210
0000010100000102000001030000011100000112
2200000223000002310000023200000233000003
1000010220000102300001031000010320000103
0000103100001032000010330000110100001102
2110000021200000213000002210000022200000
0000011200000113000001210000012200000123
0001230000013100000132000001330000020100
0000333000010010000100200001003000010110
0000002100000022000000230000003100000032
1000010020000100300001011000010120000101
0023000000310000003200000033000001010000
0130000102100001022000010230000103100001
3100000032000000330000010100000102000001
0230000103100001032000010330000110100001
3200000033000001010000010200000103000001
0001101000011020000110300001111000011120
0112000001130000012100000122000001230000
1001000010020000100300001011000010120000
0102000001030000011100000112000001130000
1200000213000002210000022200000223000002
1033000011010000110200001103000011110000
2200000123000001310000013200000133000002
3000001110000011200000113000001210000012
0001220000012300000131000001320000013300
0332000003330000100100001002000010030000
1010000110200001103000011110000111200001
2030000021100000212000002130000022100000
0000110300001111000011120000111300001121
0221000002220000022300000231000002320000
3300000101000001020000010300000111000001
0022100000222000002230000023100000232000
0000100000002000000030000001100000012000
3000002310000023200000233000003010000030
3000000310000003200000033000001010000010
0002220000022300000231000002320000023300
0000011000000120000001300000021000000220
3000001210000012200000123000001310000013
2300000131000001320000013300000201000002
0030000001100000012000000130000002100000
0202000002030000021100000212000002130000
0101200001013000010210000102200001023000
0333000010010000100200001003000010110000
0100100001002000010030000101100001012000
0032000000330000010100000102000001030000
0030200000303000003110000031200000313000
0000000200000003000000110000001200000013
0000021300000221000002220000022300000231
1110000011200000113000001210000012200000
3000002010000020200000203000002110000021
0011000000120000001300000021000000220000
0031300000321000003220000032300000331000
0001033000011010000110200001103000011110
1200000313000003210000032200000323000003
0000211000002120000021300000221000002220
1000000120000001300000021000000220000002
0000202000002030000021100000212000002130
0003000000110000001200000013000000210000
0103100001032000010330000110100001102000
1200000113000001210000012200000123000001
0032300000331000003320000033300001001000
0322000003230000033100000332000003330000
0000031200000313000003210000032200000323
0233000003010000030200000303000003110000
0013200000133000002010000020200000203000
0200000303000003110000031200000313000003
3000010210000102200001023000010310000103
1100000212000002130000022100000222000002
0000131000001320000013300000201000002020
2200000323000003310000033200000333000010
0103200001033000011010000110200001103000
0023300000301000003020000030300000311000
0000102100001022000010230000103100001032
0113000001210000012200000123000001310000
2010000020200000203000002110000021200000
0000221000002220000022300000231000002320
3120000031300000321000003220000032300000
1000002220000022300000231000002320000023
0011010000110200001103000011110000111200
0210000102200001023000010310000103200001
0010230000103100001032000010330000110100
1330000020100000202000002030000021100000
3200001033000011010000110200001103000011
0022200000223000002310000023200000233000
0000022200000223000002310000023200000233
0000322000003230000033100000332000003330
0000103200001033000011010000110200001103
0000020300000211000002120000021300000221
0223000002310000023200000233000003010000
0100001002000010030000101100001012000010
0000013100000132000001330000020100000202
3330000100100001002000010030000101100001
0000302000003030000031100000312000003130
0010100000102000001030000011100000112000
1000003020000030300000311000003120000031
0010000000200000003000000110000001200000
1130000012100000122000001230000013100000
0001020000010300000111000001120000011300
0001103000011110000111200001113000011210
3300001001000010020000100300001011000010
0100000102000001030000011100000112000001
0000300000011000000120000001300000021000
3100001032000010330000110100001102000011
0013000000210000002200000023000000310000
0002120000021300000221000002220000022300
0000100200001003000010110000101200001013
1000010120000101300001021000010220000102
0002010000020200000203000002110000021200
1200000013000000210000002200000023000000
0201000002020000020300000211000002120000
3000000210000002200000023000000310000003
0000230000003100000032000000330000010100
3230000033100000332000003330000100100001
3000001010000010200000103000001110000011
0030300000311000003120000031300000321000
3000003110000031200000313000003210000032
0000010000000200000003000000110000001200
3000011010000110200001103000011110000111
0000012300000131000001320000013300000201
0000020000000300000011000000120000001300
0000022100000222000002230000023100000232
0010110000101200001013000010210000102200
0010310000103200001033000011010000110200
0000312000003130000032100000322000003230
0003300000101000001020000010300000111000
0000001000000020000000300000011000000120
0000002000000030000001100000012000000130
0000110000001200000013000000210000002200
0001021000010220000102300001031000010320
1022000010230000103100001032000010330000
0010210000102200001023000010310000103200
0002110000021200000213000002210000022200
0000023300000301000003020000030300000311
2300000231000002320000023300000301000003
0311000003120000031300000321000003220000
0000002200000023000000310000003200000033
0110000101200001013000010210000102200001
0000000300000011000000120000001300000021
2320000023300000301000003020000030300000
0320000103300001101000011020000110300001
2000000130000002100000022000000230000003
1000002120000021300000221000002220000022
1300000321000003220000032300000331000003
0013300000201000002020000020300000211000
1000000220000002300000031000000320000003
0130000002100000022000000230000003100000
2000002030000021100000212000002130000022
0000011100000112000001130000012100000122
0002320000023300000301000003020000030300
0110100001102000011030000111100001112000
0110000001200000013000000210000002200000
1300000221000002220000022300000231000002
0002100000022000000230000003100000032000
2120000021300000221000002220000022300000
0220000002300000031000000320000003300000
0000232000002330000030100000302000003030
0000001200000013000000210000002200000023
0000032200000323000003310000033200000333
0020000100300001011000010120000101300001
2000001230000013100000132000001330000020
0312000003130000032100000322000003230000
0000000100000002000000030000001100000012
0103000001110000011200000113000001210000
0000030100000302000003030000031100000312
0002310000023200000233000003010000030200
0000212000002130000022100000222000002230
2230000023100000232000002330000030100000
2000001030000011100000112000001130000012
0000023200000233000003010000030200000303
0000231000002320000023300000301000003020
0001310000013200000133000002010000020200
0011300000121000001220000012300000131000
0000320000003300000101000001020000010300
0000033100000332000003330000100100001002
0000023100000232000002330000030100000302
0010020000100300001011000010120000101300
1000003120000031300000321000003220000032
0300000111000001120000011300000121000001
0000000010000000200000003000000110000001
0030100000302000003030000031100000312000
1020000110300001111000011120000111300001
0002330000030100000302000003030000031100
1101000011020000110300001111000011120000
1030000011100000112000001130000012100000
0000030300000311000003120000031300000321
0321000003220000032300000331000003320000
0203000002110000021200000213000002210000
0000001100000012000000130000002100000022
1002000010030000101100001012000010130000
2200001023000010310000103200001033000011
1100000012000000130000002100000022000000
0001120000011300000121000001220000012300
3000010110000101200001013000010210000102
0300000011000000120000001300000021000000
0210000002200000023000000310000003200000
0000031100000312000003130000032100000322
0000101200001013000010210000102200001023
2020000020300000211000002120000021300000
0001030000011100000112000001130000012100
0000201000002020000020300000211000002120
0230000003100000032000000330000010100000
0002230000023100000232000002330000030100
0010010000100200001003000010110000101200
1102000011030000111100001112000011130000
2300000031000000320000003300000101000001
0010000100200001003000010110000101200001
0001001000010020000100300001011000010120
0000330000010100000102000001030000011100
0012000000130000002100000022000000230000
0000032000000330000010100000102000001030
0010220000102300001031000010320000103300
0000021000000220000002300000031000000320
2000002130000022100000222000002230000023
0000101300001021000010220000102300001031
0031100000312000003130000032100000322000
1000000020000000300000011000000120000001
3300000201000002020000020300000211000002
0003100000032000000330000010100000102000
2300001031000010320000103300001101000011
0010320000103300001101000011020000110300
0002030000021100000212000002130000022100
0000110100001102000011030000111100001112
1000002320000023300000301000003020000030
0000102300001031000010320000103300001101
3100000332000003330000100100001002000010
2100000122000001230000013100000132000001
0000133000002010000020200000203000002110
0303000003110000031200000313000003210000
2000001130000012100000122000001230000013
0001002000010030000101100001012000010130
1000001120000011300000121000001220000012
0000213000002210000022200000223000002310
1230000013100000132000001330000020100000
0000100300001011000010120000101300001021
0003110000031200000313000003210000032200
1320000013300000201000002020000020300000
0003210000032200000323000003310000033200
0000310000003200000033000001010000010200
0000003000000110000001200000013000000210
0020100000202000002030000021100000212000
2000002330000030100000302000003030000031
0033300001001000010020000100300001011000
0231000002320000023300000301000003020000
0000010200000103000001110000011200000113
0033000001010000010200000103000001110000
1012000010130000102100001022000010230000
0001300000021000000220000002300000031000
0002000000030000001100000012000000130000
0032100000322000003230000033100000332000
2000000330000010100000102000001030000011
0031000000320000003300000101000001020000
1100001012000010130000102100001022000010
0001013000010210000102200001023000010310
0001023000010310000103200001033000011010
3000003210000032200000323000003310000033
0001000000020000000300000011000000120000
2210000022200000223000002310000023200000
1300001021000010220000102300001031000010
0000102000001030000011100000112000001130
0001012000010130000102100001022000010230
3210000032200000323000003310000033200000
0001100000012000000130000002100000022000
0011020000110300001111000011120000111300
0000112000001130000012100000122000001230
0033100000332000003330000100100001002000
2000000230000003100000032000000330000010
0000032100000322000003230000033100000332
3300000301000003020000030300000311000003
0111000001120000011300000121000001220000
0003120000031300000321000003220000032300
0003030000031100000312000003130000032100
0220000102300001031000010320000103300001
0122000001230000013100000132000001330000
0000001300000021000000220000002300000031
0000030200000303000003110000031200000313
0310000103200001033000011010000110200001
0010300000111000001120000011300000121000
1000001220000012300000131000001320000013
2000003330000100100001002000010030000101
2100000322000003230000033100000332000003
0000121000001220000012300000131000001320
1000001320000013300000201000002020000020
0133000002010000020200000203000002110000
0200000203000002110000021200000213000002
0010030000101100001012000010130000102100
0101100001012000010130000102100001022000
0000021200000213000002210000022200000223
0000023000000310000003200000033000001010
0000120000001300000021000000220000002300
0001010000010200000103000001110000011200
0313000003210000032200000323000003310000
3000002210000022200000223000002310000023
0000031000000320000003300000101000001020
0021000000220000002300000031000000320000
0000101100001012000010130000102100001022
0102200001023000010310000103200001033000
0123000001310000013200000133000002010000
2000000030000001100000012000000130000002
0320000003300000101000001020000010300000
0000220000002300000031000000320000003300
0010200000103000001110000011200000113000
0003020000030300000311000003120000031300
1000011020000110300001111000011120000111
0000103300001101000011020000110300001111
0000011300000121000001220000012300000131
2000003130000032100000322000003230000033
3000003310000033200000333000010010000100
0000321000003220000032300000331000003320
2000003030000031100000312000003130000032
3000010010000100200001003000010110000101
0310000003200000033000001010000010200000
2000010230000103100001032000010330000110
0120000101300001021000010220000102300001
3000010310000103200001033000011010000110
0002130000022100000222000002230000023100
1310000013200000133000002010000020200000
0132000001330000020100000202000002030000
0000012000000130000002100000022000000230
0000033200000333000010010000100200001003
1210000012200000123000001310000013200000
0000331000003320000033300001001000010020
1000003220000032300000331000003320000033
1023000010310000103200001033000011010000
0131000001320000013300000201000002020000
0300000311000003120000031300000321000003
0200001003000010110000101200001013000010
0000012200000123000001310000013200000133
0011030000111100001112000011130000112100
0002200000023000000310000003200000033000
0001011000010120000101300001021000010220
3000001310000013200000133000002010000020
0001320000013300000201000002020000020300
3110000031200000313000003210000032200000
0000233000003010000030200000303000003110
0000101000001020000010300000111000001120
0022300000231000002320000023300000301000
0003310000033200000333000010010000100200
0100000302000003030000031100000312000003
1000002020000020300000211000002120000021
1300000121000001220000012300000131000001
0000002300000031000000320000003300000101
2130000022100000222000002230000023100000
0331000003320000033300001001000010020000
0000303000003110000031200000313000003210
0212000002130000022100000222000002230000
3200000333000010010000100200001003000010
0101000001020000010300000111000001120000
3220000032300000331000003320000033300001
0211000002120000021300000221000002220000
0100000002000000030000001100000012000000
3000000110000001200000013000000210000002
1011000010120000101300001021000010220000
2000010030000101100001012000010130000102
0000102200001023000010310000103200001033
0000013200000133000002010000020200000203
0000021100000212000002130000022100000222
0003230000033100000332000003330000100100
2000002230000023100000232000002330000030
0032200000323000003310000033200000333000
0000222000002230000023100000232000002330
0001110000011200000113000001210000012200
2300000331000003320000033300001001000010
3310000033200000333000010010000100200001
0102100001022000010230000103100001032000
0302000003030000031100000312000003130000
0000123000001310000013200000133000002010
1032000010330000110100001102000011030000
0100300001011000010120000101300001021000
1013000010210000102200001023000010310000
3010000030200000303000003110000031200000
0000003200000033000001010000010200000103
1200001013000010210000102200001023000010
0003220000032300000331000003320000033300
0021100000212000002130000022100000222000
2000010330000110100001102000011030000111
0010330000110100001102000011030000111100
0222000002230000023100000232000002330000
1031000010320000103300001101000011020000
1000001020000010300000111000001120000011
2220000022300000231000002320000023300000
0003130000032100000322000003230000033100
0000313000003210000032200000323000003310
0100000202000002030000021100000212000002
2100000222000002230000023100000232000002
0013100000132000001330000020100000202000
0010120000101300001021000010220000102300
1000003320000033300001001000010020000100
0103300001101000011020000110300001111000
1100000112000001130000012100000122000001
2100000022000000230000003100000032000000
0200001103000011110000111200001113000011
0000122000001230000013100000132000001330
0330000010100000102000001030000011100000
0232000002330000030100000302000003030000
0000200000003000000110000001200000013000
1300000021000000220000002300000031000000
0001102000011030000111100001112000011130
0000132000001330000020100000202000002030
0213000002210000022200000223000002310000
0021300000221000002220000022300000231000
2000001330000020100000202000002030000021
0003010000030200000303000003110000031200
0012100000122000001230000013100000132000
0000020100000202000002030000021100000212
0101300001021000010220000102300001031000
0100001102000011030000111100001112000011
0000113000001210000012200000123000001310
0000103000001110000011200000113000001210
0323000003310000033200000333000010010000
0200000003000000110000001200000013000000
2000010130000102100001022000010230000103
0000311000003120000031300000321000003220
3100000132000001330000020100000202000002
2200000023000000310000003200000033000001
0001022000010230000103100001032000010330
0001200000013000000210000002200000023000
0000223000002310000023200000233000003010
1021000010220000102300001031000010320000
3200000233000003010000030200000303000003
0000032300000331000003320000033300001001
3020000030300000311000003120000031300000
0000003100000032000000330000010100000102
3130000032100000322000003230000033100000
0001031000010320000103300001101000011020
2330000030100000302000003030000031100000
0000110200001103000011110000111200001113
0020200000203000002110000021200000213000
0330000110100001102000011030000111100001
0100200001003000010110000101200001013000
0102300001031000010320000103300001101000
0001330000020100000202000002030000021100
3100000232000002330000030100000302000003
0012300000131000001320000013300000201000
0300000211000002120000021300000221000002
2100001022000010230000103100001032000010
3030000031100000312000003130000032100000
0000022000000230000003100000032000000330
0023100000232000002330000030100000302000
0022000000230000003100000032000000330000
0000033300001001000010020000100300001011
0000210000002200000023000000310000003200
0000010300000111000001120000011300000121
0000031300000321000003220000032300000331
0000323000003310000033200000333000010010
0002020000020300000211000002120000021300
0000111000001120000011300000121000001220
2000011030000111100001112000011130000112
0001130000012100000122000001230000013100
0000020200000203000002110000021200000213
0000332000003330000100100001002000010030
1000010320000103300001101000011020000110
0000013300000201000002020000020300000211
0031200000313000003210000032200000323000
0011100000112000001130000012100000122000
0000030000001100000012000000130000002100
1010000010200000103000001110000011200000
2000003230000033100000332000003330000100
1120000011300000121000001220000012300000
0300001011000010120000101300001021000010
0021200000213000002210000022200000223000
0000012100000122000001230000013100000132
0033200000333000010010000100200001003000
0002210000022200000223000002310000023200
0020000000300000011000000120000001300000
0023200000233000003010000030200000303000
0000100100001002000010030000101100001012
0110200001103000011110000111200001113000
0001210000012200000123000001310000013200
0001032000010330000110100001102000011030
0120000001300000021000000220000002300000
0030000101100001012000010130000102100001
3200000133000002010000020200000203000002
1100000312000003130000032100000322000003
0200000103000001110000011200000113000001
0301000003020000030300000311000003120000
0000033000001010000010200000103000001110
0003200000033000001010000010200000103000
3300001101000011020000110300001111000011
1220000012300000131000001320000013300000
3000003010000030200000303000003110000031
0000013000000210000002200000023000000310
0020300000211000002120000021300000221000
1000000320000003300000101000001020000010
1020000010300000111000001120000011300000
0012200000123000001310000013200000133000
0002300000031000000320000003300000101000
0010130000102100001022000010230000103100
