2201321123013211310132113201321133013212
1212303312131033121320331213303312211033
1213011112210111122201111223011112310111
2100102022001020230010203100102032001020
0220200202203002022110020221200202213002
1021121220211212302112131021121320211213
3101211032012110330121110201211103012111
1023012110310121103201211033012111020121
1030212211102122112021221130212212102122
2322233123223131232232212322323123223321
0002211200022113000221210002212200022123
0212103302121103021211110212111202121113
0202210002022200020223000202310002023200
1302001313030013131100131312001313130013
0223020302310203023202030233020303030203
1033203310333033111110331111203311113033
1303200013033000131010001310200013103000
1030300310311003103120031031300310321003
2032031320330313211103132112031321130313
3223203032233030323110303231203032313030
2331322023313230233133102331332023313330
1110200111103001111110011111200111113001
2023313130233132102331322023313230233133
3101320332013203330132102101321022013210
0021303300213101002131020021310300213111
3020100330202003302030033021100330212003
2312230223123102231232022312330223130302
2211313123113131321131313311313212113132
0330103003301110033011200330113003301210
3200023233000233010002330200023303000233
2220310322303103231031032320310323303103
2023113130231132102311322023113230231133
2213213122132221221322312213232122132331
1323133213231333132321331323222213232223
0210010302200103023001030310010303200103
3331231133313211333133113332121133321311
0331110303311203033113030331210303312203
1220123112301231131012311320123113301231
2123330121301301213021012130220121302301
2212132022121330221220302212211022122120
1113212011132130111322101113222011132230
3330230303102303032023030330230310302303
0032011200320113003201210032012200320123
1221201112213011122210111222201112223011
0333313303333211033332120333321303333221
1012023010120310101203201012033010121020
0222332202223323022233310222333202223333
0323023003230310032303200323033003231010
0323230103233101032332010323330103301101
0333100303332003033330031003100320031003
1033233010333020103330301033311010333120
1202310313023103210231032202310323023103
2332212123323121233321212333312131213122
3213122032131230321313103213132032131330
1201003012020030120300301211003012120030
2001230230012303100123032001230330012310
2211322022113230221133102211332022113330
2102322021023230210233102102332021023330
3320102333301030103011101030112010301130
1132003011330030120100301202003012030030
3120220031202300312031003120320031203300
0302031211020312120203121302031221020312
0220303302203103022031110220311202203113
0222301202231012022320120223301202302012
0200213103002131110021311200213113002131
3320311333303120312031303120321031203220
2011212130112122101121222011212230112123
2001212230012123100121232001212330012130
0031332300313331003133320031333300320032
2000231130002312100023122000231230002313
0321321003213220032132300321331003213320
2030333230303333103033332030333330310311
1200012213000122210001222200012223000122
0011023200110233001103010011030200110303
0211000302120003021300030221000302220003
0020032200200323002003310020033200200333
2103022321110223211202232113022321210223
3232100332322003323230033233100332332003
3320023033300231003002310110023101200231
1103132112031321130313212103132122031321
1120222311302223121022231220222312302223
3133313232133132322221323222313232232132
1123023211310232113202321133023212030232
1010020010100300101011001010120010101300
2211102122112021221130212212102122122021
2101103222011032230110323101103232011032
2003012230030123100301232003012330030130
1130303011303110113031201130313011303210
0200200203002002110020021200200213002002
1121110311211203112113031121210311212203
0103222001032230010323100103232001032330
0122202101222022012220230122203101222032
0300201011002010120020101300201021002010
2001301030013011100130112001301130013012
3233030333110303331203033313030333210303
0223123302231303022313110223131202231313
1212321112123311121312111213131112132211
1022310010223200102233001023010010230200
0122123201221233012213020122130301221311
3212132133121322131213222212132223121322
0101323201013233010133020101330301013311
0002210300022111000221120002211300022121
2020230330202310302023111020231120202311
0200023203000232110002321200023213000232
1213130312132103121322031213230312133103
1120021311300213121002131220021312300213
1203201212033012121020121210301212111012
2330010330100103302001033030010331100103
0331311103313112033131130331312103313122
2100132222001322230013223100132232001322
1133022212030222121102221212022212130222
0021321100213212002132130021322100213222
2113230321133103211332032113330321203303
0322200203223002032310020323200203233002
3000231210002312200023123000231310002313
3010323210103232201032323010323310103233
1112031111130311112103111122031111230311
2121021221220212212302122131021221320212
0122223101222232012222330122230201222303
1133131211331313113313221133132311331332
1113313111133221111332311113332111133331
2222100122222001222230012223100122232001
2133232021332330213330302133311021333120
2100222022002220230022203100222032002220
0331231203312313033123210331232203312323
0211023202110233021103030211031102110312
0002023300020301000203020002030300020311
2232211122323111223321112233311123112111
0030221100302212003022130030222100302222
3222222032222230322223103222232032222330
3231121333211213333112211221123112211321
2120220121202301212031012120320121203301
2330011130100111302001113030011131100111
2010000220200002203000022110000221200002
1112210111122201111223011112310111123201
1030221010302220103022301030231010302320
0200011303000113110001131200011313000113
1332001013330010200200102003001020110010
1022012210230122103101221032012210330122
2211300322121003221220032212300322131003
2033000221010002210200022103000221110002
3112210231122202311223023112310231123202
3001102310011023200110233001103010011030
0333033311110333111203331113033311210333
3322033133230331333103313332033133330332
3331111211211112113111121221111212311112
2001210130012102100121022001210230012103
1030223311102233112022331130223312102233
1320011313300113201001132020011320300113
1320201113203011132110111321201113213011
2132032221330322221103222212032222130322
3103212332032123330321303303213111032131
3021220220212202302122031021220320212203
3302311303023113110231131202311313023113
3133331332133213331332222213322223133222
2113222331132231211322313113223221132232
1231011312320113123301131302011313030113
1301020321010203220102032301020331010203
1220210212302102131021021320210213302102
2112100121122001211230012113100121132001
0202001002030010021100100212001002130010
0001232100012322000123230001233100012332
3302230133023101330232013302330133030201
1332303313331033133320331333303320332033
1221132312311323132113231331132321211323
0322310003223200032233000323010003230200
2331130123312101233122012331230123313101
3002322010023220200232203002322110023221
3002133110021331200213313002133210021332
0111012101110122011101230111013101110132
1311122222111222231112223211122233111223
3000231310002313200023133000232010002320
1023000110310001103200011033000111010001
0000332100003322000033230000333100003332
2030103121101031212010312130103122101031
3201310133013102020131020301310211013102
2303230023033100230332002303330023100300
2313222332132223331322313313223222132232
0120110201301102021011020220110202301102
3210311232203112323031123310311233203112
1222333012230130122302101223022012230230
3213221132132311321332113213331132212211
3132132321321323313213322132133231321333
2220000322300003231000032320000323300003
1320300213211002132120021321300213221002
1133113212121132121311321222113212231132
3111311221113112311131132111311331113121
2301020231010202320102023301020302010203
2332113323331133312211333123113331321133
0313323303133311031333120313331303133321
0310322303103231031032320310323303103311
2132311121332111213331112211211122113111
0333302210221022202210223022102310221023
3333300100101001001020010010300100111001
1213222212132223121322321213223312132313
0312310103123201031233010313020103130301
2331323123313321233133312332132123321331
2100330322003303230033033100330332003303
3131322321313223313132322131323231313233
3222130132222101322222013222230132223101
0300223311002233120022331300223321002233
2001313030013131100131312001313130013132
1221130312212103122122031221230312213103
3120213231302132321021323220213232302132
2311022023120220231302202321022023220220
2222131122222211222223112222321122223311
1123000311310003113200031133000312010003
3301020202010202030102021101020212010202
3123203031233030313110303131203031313030
1302313221023132220231322302313231023132
1013302010133030101331101013312010133130
2030032321100323212003232130032322100323
0302120103021301030221010302220103022301
0203313102033132020331330203320302033211
3320020333300210021002200210023002100310
1222212212223122122321221223312212313122
0202220102022301020231010202320102023301
0311223303112311031123120311231303112321
1200332313003323210033232200332323003323
0020010000200200002003000020110000201200
2021233130212332102123322021233230212333
2032301320331013203320132033301321021013
2300113031001130320011303300113101001131
1303232221032322220323222303232231032322
2021032020210330202110302021111020211120
1101202011012030110121101101212011012130
0310233303202333033023331030233311102333
0320323203203233032033110320331203203313
0301102311011023120110231301102321011023
3300320301003203020032030300320311003203
0122222201222223012222310122223201222233
3202333233023333030233331102333312023333
2010020220200202203002022110020221200202
0103023001030310010303200103033001031010
3112010131130101312101013122010131230101
3301110302011103030111031101110312011103
1022310010223200102233001023010010230200
0310321203103213031032210310322203103223
2101232122012321230123213101232132012321
2032100120322001203230012033100120332001
3232003032330030330100303302003033030030
0210111202201112023011120310111203201112
2133301022011010220120102201301022021010
0022213100222132002221330022220100222202
2023231230232313102323132023231330232320
1012110010121200101213001012210010122200
1220012312300123131001231320012313300123
2333232332332323333323323333233323333333
0333111103331112033311130333112103331122
2102223122022231230222313102223132022231
0102313201023133010232020102320301023211
3313030233131102331312023313130233132102
0330130103302101033022010330230103303101
2333213123332221233322312333232123332331
1231332112313331123211311232122112321231
2010323330103301101033012010330130103302
2010022020200220203002202110022021200220
1130222112102221122022211230222113102221
1013133320131333301320132013301320202013
1133120111331301113321011133220111332301
1132021011320220113202301132031011320320
3103033132030331330303321103033212030332
1002203220022032300220331002203320022033
3223123332321233323312333313123333221233
1212233312123122121231231212313212123133
2121300221221002212220022122300221231002
1113232311132332111323331113311211133113
2202000322030003221100032212000322130003
3110300231111002311120023111300231121002
1112321111123311111312111113131111132211
2323313323322133233231332333213323333133
1212023312130233122102331222023312230233
3331002233320022333300230023003100230032
0210121302201213023012130310121303201213
2031212020312130203122102031222020312230
3300221003002210110022101200221013002210
1332311113332111133331112111211131112112
1222021012220220122202301222031012220320
2122210121222201212223012122310121223201
0211130202112102021122020211230202113102
2200301123003011310030113200301133003012
2133012022020120220301202211012022120120
2222311322232113222331132231211322313113
0233001003010010030200100303001003110010
3310322033203220333032210330322111103221
2321311223222112232231122323211223233112
2102210222022102230221023102210232022102
0303110003031200030313000303210003032200
2320310023203200232033002321010023210200
2111233231112333211123333111311131122111
2123331021233320212333302130213022102130
0121202301212031012120320121203301212102
2011200120113001201210012012200120123001
1200023013000230210002302200023023000230
0002201000022020000220300002211000022120
0032001300330013010100130102001301030013
0021221300212221002122220021222300212231
3003101210031012200310123003101310031013
3103132132031321330313221103132212031322
0110300201111002011120020111300201121002
1121020011210300112111001121120011211300
3300131101001311020013110300131111001311
0131130301311311013113120131131301311321
1133113312121133121311331222113312231133
2221112322311123232111232331112331211123
1220212212302122131021221320212213302122
2010230130102302101023022010230230102303
0021210300212111002121120021211300212121
0121331101213312012133130121332101213322
3232202232323022323310223233202232333022
2011133330112011201130112012101120122011
1030103211101032112010321130103212101032
1001231120012311300123121001231220012312
0022321000223220002232300022331000223320
2121133021212030212121102121212021212130
0002122200021223000212310002123200021233
2203011322110113221201132213011322210113
2213033322210333222203332223033322310333
2123033121310331213203312133033122110331
2111011021120110211301102121011021220110
3220033232300332331003323320033233300333
2310013223200132233001323010013230200132
3331000333320003333300100101001001020010
0230012103100121032001210330012110100121
2203030323030303310303033203030333030310
2112100221122002211230022113100221132002
1312233222122332231223323212233233122333
3212122133121222131212222212122223121222
1130102212101022122010221230102213101022
2033203120333031210320312103303121111031
2313201023133010232020102320301023211010
1113321311133222111332231113323211133233
2132101321322013213230132133101321332013
2223021222310212223202122233021223030212
1322110013221200132213001322210013222200
0313300003201000032020000320300003211000
0221330002220100022202000222030002221100
0333001310020013100300131011001310120013
3330131013101320131013301310202013102030
0122030201220303012203110122031201220313
1102120111021301110221011102220111022301
2323320123233301233013012330210123302201
1133230311333103113332031133330312031203
2010201330102020201020203010202110102021
1230333213103332132033321330333221103332
1102033312020333130203332102033322020333
2223122022231230222313102223132022231330
0133331101333312013333130133332101333322
2022021120230211203102112032021120330211
3303033031030330320303303303033111030331
3110120031101300311021003110220031102300
3121031031220310312303103131031031320310
0302120003021300030221000302220003022300
2203121123031211310312113203121133031212
1200131313001313210013132200131323001313
0012132200121323001213310012133200121333
1202212313022123210221232202212323022123
3212023132130231322102313222023132230231
2001320030013201100132012001320130013202
3103230131033101310332013103330131102101
2103030221031102210312022103130221032102
1023031120230311302303121023031220230312
3120211031302110321021103220211032302110
2233003323010033230200332303003323110033
2030300020311000203120002031300020321000
0213030002131100021312000213130002132100
3101111132011111330111120201111203011112
3120221231302212321022123220221232302212
3020231310202313202023133020232030202321
1110221211202212113022121210221212202212
2230101323101013232010132330101330201013
1110321211203212113032121210321212203212
0131123001311310013113200131133001312010
2113311121212111212131112122211121223111
3310312333203123333031303130321031303220
0232102302322023023230230233102302332023
0212100102122001021230010213100102132001
3200012333000130010001300200013003000130
2120132121301321221013212220132122301321
2210212122202121223021212310212123202121
2103101321032013210330132110201321103013
0022223200222233002223010022230200222303
1032103110322031103230311033103110332031
3232213032322210323222203232223032322310
1022202320222023302220303022203110222031
3222120132221301322221013222220132222301
2222313322232133222331332232213322323133
3003132010031320200313203003132110031321
2231231323212313233123133131231332212313
1132213211322133113222121132221311322222
3111133221111332311113332111133331112111
0020211200202113002021210020212200202123
2102301021031010210320102103301021102010
2011003220120032201300322021003220220032
2232110122321201223213012232210122322201
0131233101312332013123330131302101313022
0021202100212022002120230021203100212032
1133132311331332113313331133212211332123
1121211011212120112121301121221011212220
2203130122032101220322012203230122033101
3123302031303020313110203131202031313020
3300110301001103020011030300110311001103
0320133103301331102013311030133111101331
0131031101310312013103130131032101310322
2223213222233132223221322232313222332132
0201001302020013020300130211001302120013
0333311103333112033331130333312103333122
0013320000133300002001000020020000200300
0320320103203301032102010321030103211101
2202230323022303310223033202230333022310
1301321321013213220132132301321331013213
1023111220231112302311131023111320231113
1103323112033231130332312103323122033231
1310231013102320131023301310302013103030
0032032100320322003203230032033100320332
0220023102300231031002310320023103300231
2020110120301101211011012120110121301101
1021321120213211302132121021321220213212
2310103123201031233010313020103130301031
2132321321323313213322132133231321333213
0110323301103302011033030110331101103312
3111121321111213311112212111122131111222
3030231131102311312023113130231132102311
3211011332120113321301133221011332220113
0031322100313222003132230031323100313232
2003232030032321100323212003232130032322
2212131223121312321213123312131313121313
2123222121232231212323212123233121233131
3030213031102130312021303130213032102130
1032202110323021103310211033202110333021
3032232030322330303231103032312030323130
0332232103322322033223230332233103322332
3001220310012203200122033001221010012210
3030200330303003303110033031200330313003
3203111233031113110311131203111313031113
2130033222100332222003322230033223100332
2301331231013312320133123301331302013313
0201020203010202110102021201020213010202
0331323003313310033133200331333003320110
2333010330110103301201033013010330210103
0223333202233333023023030230231102302312
2333123331321233313312333213123332221233
0103222201032223010322310103223201032233
2000123130001232100012322000123230001233
2102103021021110210211202102113021021210
3133003132010031320200313203003132110031
0222223202222233022223030222231102222312
2001000020020000200300002011000020120000
1220231312302313131023131320231313302313
0103320201033203010332110103321201033213
1222000112230001123100011232000112330001
3202122233021223030212231102122312021223
1001002020010020300100211001002120010021
2232230122323101223232012232330122330201
1100113212001132130011322100113222001132
0201330102020201020203010202110102021201
2333203123333031303130321031303220313032
1200330213003302210033022200330223003302
1231021012310220123102301231031012310320
3003323010033230200332303003323110033231
1230221213102212132022121330221220302212
0232301302331013023320130233301303021013
3103322332033223330332311103323112033231
0112323001123310011233200112333001130020
2211131223111312321113123311131312111313
2110012221200122213001222210012222200122
0302323311023233120232331302323321023233
1311201013113010131210101312201013123010
1331003013320030133300302011003020120030
1230030113100301132003011330030120100301
2222302222231022222320222223302222303022
1322113213231132133211321333113221221132
1301031021010310220103102301031031010310
0230013103100131032001310330013110100131
3000033310000333200003333000100010002000
3233031033110310331203103313031033210310
1201323213013232210132322201323223013232
0211333102113332021133330212021202130212
0000321000003220000032300000331000003320
1323301313302013133030131331101313312013
0203023002030310020303200203033002031010
0020031200200313002003210020032200200323
3320013333300200201002002020020020300200
0310121203201212033012121020121210301212
3021211210212112202121123021211310212113
1201213012012210120122201201223012012310
0220202002202030022021100220212002202130
3020332110203321202033213020332210203322
0201121002011220020112300201131002011320
1133330312031203130312032103120322031203
1100330112003301130033012100330122003301
2001123330011300200113003001130110011301
1123213311232212112322131123222211232223
0232120202321302023221020232220202322302
1213203112133031122110311221203112213031
2311311332113113331131212211312123113121
0233310102333201023333010301030111010301
1111230311113103111132031111330311121103
3302203023022030310220303202203033022031
2000201130002012100020122000201230002013
