32102112322021123230211233102112332021123330211302202113023021130310211303202113
0302000003030000031100000312■000031300000321000003220000032300000331000003320000
23113220231132302311331023113320231133302312031023120320231203302312103023121110
032010000320200003203000032110000321200003213000032210000322200003223000032310■0
23002023310020233200202333002030030020301100203012002030130020302100203022002030
20321303203221032032220320322303203231032032320320323303203311032033120320331303
3313232■331323222213232223132322321323223313232322132323231323233213232333132331
20030320300303211003032120030321300303221003032220030322300303231003032320030323
0131320101313301013202010132030101321101013212010132130101322■010132220101322301
00003022000030230000303100003032000030330000310100003102000031030000311100003112
30021110100211102002111030021111100211112002111130021112100211122002111230021113
01032232010322330103230201032303010323110103231201032313010323210103232201032323
10310231103202311033023111030231111102311112023111130231112102311122023111230231
0213121202131213021312■102131222021312230213123102131232021312330213130302131311
301000303020■0303030003031100030312000303130003032100030322000303230003033100030
12312032123130321232103212322032123230321233103212332032123330321303303213111032
33321110333211203332113033321210333212203332123033321310333213203332133033322110
32313031323210313232203132323031323310313233203132333031330320313303303133111031
2332130223322102233222022332230223323102233232022332330223■303022333110223331202
23212021232130212322102123222021232230212323102123232021232330212330302123311021
32201022323010223310102233201022333010230110102301201023013010230210102302201023
32033310320333203203333032103210322032103230321033103210332032103330321103303211
22000122230001223100012232000122330001230100012302000123030001231100012312000123
30303001303110013031200130313001303210013032200130323001303310013033200130333001
33000013010000130200001303000013110000131200001313000013210000132200001323000013
00002103000021110000211200002113000021210■00212200002123000021310000213200002133
12123230121233101212332012123330121301301213021012130220121302301213031012130320
20030122300301231003012320030123300301301003013020030130300301311003013120030131
31011030320110303301103102011031030110311101103112011031130110312101103122011031
23323300233301002333020023330300233311002■33120023331300233321002333220023332300
21302010213030102131101021312010213130102132101021322010213230102133101021332010
21031023210320232103302321103023211110232111202321113023211210232112202321123023
23303013233110132331201323313013233210132332201323323013233310132333201323333013
131331■3131332031313330313203203132033031321110313211203132113031321210313212203
01222022012220230122203101222032012220330122210201222103012221110122211201222113
10320111103301111102011111030111111101111112011111130111112101111122011111230111
01111131011111320111113301111202011112030111121101111212011112130111122101111222
10210123102201231023012310310123103201231033012311020123110301231111012311120123
31222031312230313123103131232031312330313131103131312031313130313132103131322031
32210303322203033223030332310303323203033233030333110303331203033313030333210303
31131321211313213113132221131322311313232113132331131331211313313113133221131332
01203003012110030121200301213003012210030122200301223003012310030123200301233003
31321111313311113212111132131111322211113223111132321111323311113312111133131111
21123002211310022113200221133002212010022120200221203002212110022121200221213002
13100013132000131330001320100013202000132030001321100013212000132130001322100013
11110221111202211■13022111210221112202211123022111310221113202211133022112030221
00221202002212030022121100221212002212130022122100221222002212230022123100221232
22120322221303222221032222220322222303222231032■22320322223303222311032223120322
130220222102202222022022230220223102202232022022330220230302202311■2202312022023
02131303021313110213131202131313021313210213132202131323021313310213133202131333
31232321312323222123232231232323212323233123233131232332212323323123233321232333
13221301132221011322220113222301132231011322320113223301132302011323030113231101
32221133322311333232113332331133331211333313113333221133332311333332113333331212
03113300031201000312020003120300031211000312120003121300031221000312220003122300
3100132032001320330013210100132102001■210300132111001321120013211300132121001321
22111101221112012211130122112101221122012211230122113101221132012211330122120201
31111230311113103111132031111330311121103111212031112130311122103111222031112230
10213300102201001022020010220300102211001022120010221300102221001022220010222300
33220002332300023331000233320002333300030003001100030012000300130003002100030022
03133231031332320313323303133311031333120313331303133321031333220313332303133331
21322133313222133132222221322222313222232132222331322232213222323132223321322233
300123■3100123232001232330012330100123302001233030012331100123312001233130012332
2020321230203213102032132020321330203220302032211020322120203221302032■210203222
301022003010230030103100301032003010330030■1010030110200301103003011110030111200
03130132032101320322013203230132033101320332013203330132102101321022013210230132
23302000233030002331100023312000233130002332100023322000233230002333100023332000
01331121013311220133112301331131013311320133113301331202013312030133121101331212
223■3231231032312320323123303231311032313120323131303231321032313220323132303231
11203211113032111210321112203211123032111310321113203211133032112110321121203211
21102003211030032111100321112003211130032112100321122003211230032113100321132003
02011223030112231101122312011223130112232101122322011223230112233101122332011223
01122103011221110112211201122113011221210112■12201122123011221310112213201122133
22023010220310102203201022033010221020102210301022111010221120102211301022121010
003313000033210000332200003323000033310000■3320000333300010001000200010003000100
31220003312300033131000331320003313300033201000332020003320300033211000332120003
33330■21002100220021002300210031002100320021003300210101002101020021010300210111
33223230332233103322332033223330332311103323112033231130332312■03323122033231230
21020132210301322111013221120132211301322121013221220132212301322131013221320132
31103333312033333130333332103333322033333230333333103333332033333331111111121111
31111022311120223111302231121022311220223112302231131022311320223113302231203022
03030002031100020312000203130002032100020322000203230002033100020332000203330002
12301221131012211320122113301221202012212030122121101221212012212130122122101221
32130130322101303222013032230130323101303232013032330130330201303303013033110130
03021033110210331202103313021033210210332202103323021033310210333202103333021102
1233002213010022130200221303002213110022131200221313002213210■221322002213230022
3020013330300133311001333120013331300133321001333■200133323001333310013333200133
11032202110323021103310211033202110333021110220211102302111031021110320211103302
11033300111002001110030011101100111012001110130011102100111022001110230011103100
33012003330130033302100333022003330230033303100333032003330330033310100333102003
02101100021012000210130002102100021022000210230002103100021032000210330002110100
10120312201203123012031310120313201203133012032020120320301203211012032120120321
10101320101013301010202010102030101021101010212010102130101022101010222010102230
030123200301233003013010■3013020030130300301311003013120030131300301321003013220
01133022011330230113303101133032011330330113310201133103011331110113311201133113
10331011103320111033301111012011110130111102101111022011110230111103101111032011
10203210102032201020323010203310102033201020333010210110102101201021013010210210
22122313231223133212231333122321231223213212232133122322131223222212232223122322
30003131100031312000313130003132100031322000313230003133100031332000313330003200
13033020130330301303311013033120130331301303321013033220130332301303331013033320
31123223211232233112323121123231311232322112323231123233211232333112331131123312
3122020031220300312211003122120031221■003122210031222200312223003122310031223200
3131012031320■203133012032020120320301203211012032120120321301203221012032220120
102323201023233010233020102330301023311■1023312010233130102332101023322010233230
0120103101301031021010310220103102301031031010310320103103301031102■103110301031
20322313303223211032232120322321303223221032232220322322303223231032232320322323
21010321220103212301032131010321320103213301032202010322030103221101032212010322
202301212031012120320121203301■1210201212103012121110121211201212113012121210121
12112300121131001211320012113300121201001212020012120300121211001212120012121300
10003322200033223000332310003323200033233000333010003330200033303000333110003331
12112022121130221212102212122022121230221213102212132022121330221220302212211022
02132022021320230213203102132032021320330213210302132111021321120213211302132121
10300023111000231120002311300023121000231220002312300023131000231320002313300023
20330013210100132102001321030013211100132112001321130013212100132122001321230013
10331132203311323033113310331133203311333033121110331211203312113033121210331212
23013000230210002302200023023000230310002303200023033000231010002310200023103000
00333201003332020033320300333211003332120033321300333221003332220033322300333231
00313230003133100031332000313330003■00100032002000320030003201100032012000320130
22012011220130112202101122022011220230112203101122032011220330112210201122103011
03111232031112330311131103111312031113130311132103111322031113230311133103111332
21030031211100312112003121130031212100312122003121230031213100312132003121330031
30202212102022122020221230202213102022132020221330202220302022211020222120202221
03322120033221300332221003322220033222300332231003322320033223300332301003323020
3201132033011321020113210301132■110113211201132113011321210113212201132123011321
32322130323222103232222032322230323223103232232032322330323231103232312032323130
00310201003102020031020300310211003102120031021300310221003102220031022300310231
32132232331322332213223323132233321322333313231323133213231333132321331323222213
3022012230230122303101223032012230330122310201223■030122311101223112012231130122
32101110322011103230111033101110332011103330111101201111013011110210111102201111
03300033101000331020003310300033111000331120003311300033121000331220003312300033
30121220201212203012122110121221201212213012122210121222201212223012122310121223
0021110300211111002111120021111300211121002111220021112300211131002■113200211133
00121231001212320012123300121301001213020012130300121311001213120012131300121321
22232102222322022223230222233102222332022223330222302302223031022230320222303302
20112003201130032012100320122003201230032013100320132003201330032020100320202003
03003231110032311200323113003231210032312200323123003231310032313200323133003232
23012310310123103201231033012311020123110301231111012311120123111301231121012311
03003000030110000301200003013000030210000302200003023000030310000303200003033000
22212001222130012222100122222001222230012223100122232001222330012230100122302001
11002021120020211300202121002021220020212300202131002021320020213300202201002022
33230302332311023323120233231302332321023323220233232302332331023323320233233302
03221022032220220322302203231022032320220323302203303022033110220331202203313022
21313303213211032132120321321303213221032132220321322303213231032132320321323303
23222211232223112322321123223311232312112323131123232211232323112323321123233311
10030230200302303003023110030231200302313003023210030232200302323003023310030233
30123210201232103012321110123211201232113012321210123212201232123012321310123213
02310331023103320231033302311031023110320231103302311103023111110231111202311113
211122012111230121113101211132012111330121120201211203012112■1012112120121121301
02122032021220330212210302122111021221120212211302122121021221220212212302122131
31101320312013203130132032101320322013203230132033101320332013203330132102101321
03030312030303130303032103030322030303230303033103030332030303330303103103031032
00010102000101030001011100010112000101130001012100010122000101230001013100010132
33331211333313113333221133332311333332113■33331212121213121212221212122312121232
01020201010203010102110101021201010213010102210101022201010223010102310■01023201
320■0113320301133211011332120113321301133221011332220113322301133231011332320113
11212022112130221122102211222022112230221123102211232022112330221130302211311022
23123223321232233312323132123231331232321312323222123232231232323212323233123233
13133031132110311321203113213031132210311322203113223031132310311323203113233031
10002122200021223000212310002123200021233000213010002130200021303000213110002131
22112011221130112212101122122011221230112213101122132011221330112220201122203011
00211302002113030021131100211312002113130021132100211322002113230021133100211332
03233102032332020323330203302102033022020330230203303102033032020330330203310302
011012010110130101102101011022010110230101103101011032010110330101110201011103■1
20232232302322331023223320232233302323031023230320232303302323103023231110232311
30112333101123332011233330113011301210113012201130123011301310113013201130133011
32330311331103113312031133130311332103113322031133230311333103113332031133330312
33010101010201010103010101110101011201010113010101210101012201010123010101310101
22003233230032333100323332003233■30033003301010033010200330103003301110033011200
211331333113321■2113321231133213211332133113322121133221311332222113322231133223
01110202011102030111021101110212011102130111022101110222011102230111023101110232
01000130020001300300013011000130120001301300013021000130220001302300013031000130
02020023020300230211002302120023021300230221002302220023022300230231002302320023
33322110333221203332213033322210333222203332223033322310333223203332233033323110
22111102221112022211130222112102221122022211230222113102221132022211330222120302
023002320310023203200232033002321010023210200232103002321110023■1120023211300232
20022121300221221002212220022122300221231002212320022123300221301002213020022130
31302012313030123131101231312012313130123132101231322012313230123133101231332012
00331■20003310300033111000331120003311300033121000331220003312300033131000331320
30123132101231322012313■30123133101231332012313330123201301232021012320220123202
310303303203033033030331110303311■0303311303033121030331220303312303033131030331
30103123101031232010312330103130201031303010313110103131201031313010313210103132
32031323330313■03203133033031331110313311203133113031331210313312203133123031331
30031221100312212003122130031222100312222003122230031223100312232003122330031230
02100310021003200210033002101010021010200210103002101110021011200210113002101210
20003012300030131000301320003013300030201000302020003020300030211000302120003021
02212230022123100221232002212330022130100221302002213030022131100221312002213130
11201312113013121210131212201312123013121310131213201312133013122020131220301312
22022010220230102203101022032010220330102210201022103010221110102211201022113010
2■032033230320333103203332032033330321032103220321032303210331032103320321033303
20012132300121331001213320012133300122002001220030012201100122012001220130012202
1120111211301112121011121220111212301■121310111213201112133011122020111220301112
03001033110010331200103313001033210010332200103323001033310010333200103333001100
22102020222020202230202023102020232020202330202030302020311020203120202031302020
203031123030311310303113■0303113303031211030312120303121303031221030312220303122
331212312212123123121231321212313312123213121232221212322■1212323212123233121233
02112332021123330211302202113023021130310211303202113033021131030211311102113112
11010111120101111301011121010111220101112301011131010111320101113301011202010112
01100331012003310130033102100331022003310230033103100331032003310330033110100331
13000230210002302200023023000230310002303200023033000231010002310200023103000231
00230302002303030023031100230312002303130023032100230322002303230023033100230332
10031021200310213003102210031022200310223003102310031023200310233003103010031030
22232001222330012230100122302001223030012231100122312001223130012232100122322001
21221131212311312132113121331131221211312213113122221131222311312232113122331131
30101130201011303010113110101131201011313010113210101132201011323010113310101133
21021112220211122302111231021112320211123302111303021113110211131202111313021113
00231210002312200023123000231310002313200023133000232010002320200023203000232110
32131111322211113223111132321111323311113312111133131111332211113323111133321111
10122300101231001012320010123300101301001013020010130300101311001013120010131300
31320211313302113203021132110211321202113213021132210211322202113223021132310211
31032202310323023103310231033202310333023110310231103202311033023111030231111102
22200100223001002310010023200100233001003010010030200100303001003110010031200100
21200013213000132210001322200013223000132310001323200013233000133010001330200013
01033333011011020110110301101111011011120110111301101121011011220110112301101131
23201311233013113020131130301311311013113120131131301311321013113220131132301311
03203101032032010320330103210201032103010321110103211201032113010321210103212201
11031031120310311303103121031031220310312303103131031031320310313303103211031032
13023201130233011303020113030301130311011303120113031301130321011303220113032301
23202020233020203030202031102020312020203130202032102020322020203230202033102020
2201■212230132123101321232013212330132130201321303013213110132131201321313013213
33301201202012012030120121101201212012012130120122101201222012012230120123101201
23320032233300323011003230120032301300323021003230220032302300323■31003230320032
00320212003202130032022100320222003202230032023100320232003202330032030100320302
031111120311111303111■2103111122031111230311113103111132031111330311121103111212
12331130123312101233122012331230123313101233132012331330123320201233203012332110
331031313320313133303132032031320330313211103132112031321130313212103■3212203132
11203202112033021121030211211102112112021121130211212102112122021121230211213102
012030200120303001203110012031200120313001203■1001203220012032300120331001203320
23313003233210032332200323323003233310032333200323333003300330101003301020033010
2211003022120030221300302221003022220030222300■022310030223200302233003023010030
13110000131200001313000013210000132200001323000013310000133200001333000020010000
01213302012133030121331101213312012133130121332101213322012133230121333101213332
11033320110333301110111011201110113011101210111012201110123■11101310111013201110
23202302232031022320320223203302232103022321110223211202232113022321210223212202
31012303320123033301231013012310210123102201231023012310310123103201231033012311
01333212013332130133322101333222013332230133323101333232013332330133330201333303
02120112021301120221011202220112022301120231011202320112023301120302011203030112
1033130310332103103322031033230310333103103332031033330311031■031203110313031103
02301020023010300230111002301120023011300230121002301220023012300230131002301320
102232032022320330223210■0223211102232112022321130223212102232122022321230223213
12023222130232222102322222023222230232223102322232023222330232230302322311023223
12031030120311101203112012031130120312101203122012031230120313101203132012031330
000031000000320000003300000101000001020000010300000111000001120000011300000■2100
01302011013030110131101101312011013130110132101101322011013230110133101■01332011
23■00300233011002330120023301300233021002330220023302300233031002330320023303300
2210111222201112223011122310111223201112233011123020111■303011123110111231201112
31110133311201333113013331210133312201333123013331310133313201333133013332020133
022023110220231202202313■2202321022023220220232302202331022023320220233302203023
02122022021220230212203102122032021220330212210302122111021221120212211302122121
01321323013213310132133201321333013220210132202201322023013220310132203201322033
131313101313132013131330131320201313203013132110131321201313213013132■1013132220
11301330113020201130203011302110113021201130213011302210113022201130■23011302310
220313212303132■3103132132031321330313221103132212031322130313222103132222031322
22233000223010002230200022303000223110002231200022313000223210002232200022323000
02110301021111010211120102111301021121010211220102112301021131010211320102113301
22300213231002132320021323300213301002133020021330300213311002133120■21331300213
31112200311123003111310031113200311133003112010031120200311203003112110031121200
21101011212010112130101122101011222010112230101123101011232010112330101130201011
31211222313112223221122232311222332112223331122311311223122112231231122313211223
21031301210321012103220121032301210331012103320121033301211013012110210121102201
03230030033100300332003003330030101100301012003010130030102100301022003010230030
02223223022232310222323202223233022233030222331102223312022233130222332102223322
12320322123303221311032213120322131303221321032213220322132303221■31032213320322
21200003213000032210000322200003223000032310000323200003233000033010000330200003
2031200120313001203■100120322001203230012033100120332001203330012100200121003001
3110213■312021303130213032102130322021303230213033102130332021303330213102202131
01102133011022020110220301102211011022120110221301102221011022220110222301102231
30103331101033312010333130103332101033322010333230103333101033332010333330110110
20321232303212331032123320321233303213033032131110321311203213113032131210321312
03301210033■12200330123003301310033013200330133003302010033020200330203003302110
10103112201031123010311310103113201031133010312020103120301031211010312120103121
02000101030001011100010112000101130001012100010122000101230001013100010132000101
03123212031232130312322103123222031232230312323103123232031232330312331103123312
30313120303131303031321030313220303132303031331030313320303133303032031030320320
10■21220101212301012131010121320101213301012202010122030101221101012212010122130
3310100233102002331030023311100233112002331130■233121002331220023312300233131002
13331231133313211333133113332121133321311333222113332231133323211333233113333121
32032032330320331103203312032033130320332103203322032033230320333103203332032033
22210233222202332223023322310233223202332233023323030233231102332312023323130233
13211021132120211321302113221021132220211322302113231021132320211323302113303021
02301303031013030320130303301303102013031030130311101303112013031130130312101303
11120302111211021112120211121302111221021112220211122302111231021112320211123302
01233002013010020130200201303002013110020131200201313002013210020132200201323002
10313033203130333031310320313103303131111031311120313111303131121031311220313112
2311221332112213331122■113112221221122212311222132112221331122221211222213112222
00220230002203100022032000220330002210100022102000221030002211100022112000221130
01320031013300310201003102020031020300310211003102120031021300310221003102220031
13000110210001102200011023000110310001103200011033000111010001110200011103000111
23001011310010113200101133001012010010120200101203001012110010121200101213001012
23323311233312112333131123332211233323112333321123333311311312113113131131132211
33001231010012310200123103001231110012311200123113001231210012312200123123001231
21110131211201312113013121210131212201312123013121310131213201312133013122020131
20131200201313002013210020132200201323002013310020133200201333002020030020201100
01130113012101130122011301230113013101130132011301330113020201130203011302110113
11201021113010211210102112201021123010211310102113201021133010212020102120301021
12300121131001211320012113300121201001212020012120300121211001212120012121300121
11230303113103031132030311330303121103031212030312130303122103031222030312230303
32320203323302033303020333110203331202033313020333210203332202033323020333310203
03123200031233000313010003130200031303000313110003131200031313000313210003132200
32032132330321331103213312032133130321332103213322032133230321333103213332032133
23313003233210032332200323323003233310032333200323333003300330101003301020033010
10113202201132023011320310113203201132033011321020113210301132111011321120113211
3213002232■100223222002232230022323100223232002232330022330100223302002233030022
23313201233133012332020123320301233211012332120123321301233221012332220123322301
00201123002011310020113200201133002012010020120200201203002012110020121200201213
23230233233102332332023323330233303102333032023330330233310302333111023331120233
21122221311222222112222231122223211222233112223121122231311222322112223231122233
32110310321203103213031032210310322203103223031032310310323203103233031033110310
11113111111221111112311111132111111331111121211111213111112221111122311111232111
23100201232002012330020130100201302002013■30020131100201312002013130020132100201
01211332012113330121201301212021012120220121202301212031012120320121203301212102
12003033130030332100303322003033230030333100303332003033330031003100320031003300
103020311110203111202031113020311210203112202031123020■1131020311320203113302031
10333302110211021202110213021102210211022202110223021102310211023202110233021103
00321300003221000032220000322300003231000032320000323300003301000033020000330300
01223332012233330123012301310123013201230133012302020123020301230211012302120123
33012110130121102101211022012110230121103101211032012110330121110201211103012111
11012333120123331301233321012333■20123332301233331012333320123333301301302013013
21120303211303032121030321220303212303032131030321320303213303032211030322120303
33002120030021201100212012002120130021202100212022002120230021203100212032002120
1101101011012010110130101102101011022■101102301011031010110320101103301011102010
23330102301101023012010230130102302101023022010230230102303101023032010230330102
33231100332312003323130033232100332322003323230033233100332332003323330033301100
32210110322201103223011032310110323201103233011033020110330301103311011033120110
02001233030012331100123312001233130012332100123322001233230012333100123332001233
11101330111020201110203011■02110111021201110213011102210111022201110223011102310
30313131103131312031313130313132103131322031313230313133103131332031313330313203
2332100323322003233230032333100323332003233330033003301010033010200330103003301■
33200233333003003010030030200300303003003110030031200300313003003210030032200300
01001103020011030300110311001103120011031300110321001103220011032300110331001103
22120333221303332221033322220333222303332231033322320333223303332311033323120333
300331121■0331122003311230033113100331132003311330033120100331202003312030033121
22122031221230312213103122132031221330312221103122212031222130312222103122222031
21233031213110312131203121313031213210312132203121323031213310312133203121333031
10121323201213233012133020121330301213311012133120121331301213321012133220121332
100132222001322230013223100132232001322330013230100132302001323030■1323110013231
312103213122032131230321313103213132032131330321321103213212032132130■2132210321
11200212113002121210021212200212123002121310021213200212133002122010021220200212
20311012203120122031301220321012203220122032301220331012203320122033301221013012
30100001302000013030000131100001312000013130000132100001322000013230000133100001
30331221103312212033122130331222103312222033122230331223103312232033122330331231
1210002012200020123000201310002013200020133000202010002■202000202030002021100020
11101030112010301130103■12101030122010301230103013101030132010301330103020201030
0310213003102210031022200■102230031023100310232003102330031030100310302003103030
02121330021220100212202002122030021221100212212002122130021222100212222002122230
12000120130001202100012022000120230001203100012032000120330001210100012102000121
22302311231023112320231123302311303023113110231131202311313023113210231132202311
30231201302313013023210130232201302323013023310130233201302333013030210130302201
20101030301010311010103120101031301■10321010103220101032301010331010103320101033
23020302310203023202030233020303030203031102030312020303130203032102030322020303
023000330310003303200033033000331010003■1020003310300033111000331120003311300033
23120202231302022321020223220202232302022331020223320202233302023021020230220202
11003100110032001100330011010100110102001101030011011100110112001101130011012100
31■20033313300333201003332020033320300333211003332120033321300333221003332220033
33212313333123212321233123213131232132212321323123213321232133312322132123221331
1133103111332031113330311203203112033031121■103112112031121130311212103112122031
30231320302313211023132120231321302313221023132220231322302313231023132320231323
02313311023133120231331302313321023133220231332302313331023133320231333302320232
02000123030001231100012312000123130001232100012322000123230001233100012332000123
00010232000102330001030100010302000103030001031100010312000103130001032100010322
01201112013011120210111202201112023011120310111203201112033011121020111210301112
101032032010320330■0321020103210301032111010321120103211301032121010321220103212
32211310322113203221133032212110322121203221213032212210322122203221223032212310
023333330■0303031103030312030303130303032103030322030303230303033103030332030303
23321031233220312332303123331031233320312333303130313032103130322031303230313033
2313112023131130231■121023131220231312302313131023131320231313302313203023132110
00123323001233310012333200123333001300130021001300220013002300130031001300320013
3233223032332310323323203233233032■331103233312032333130323332103233322032333230
31023120320231203302312103023121110231211202312113023121210231212202312123023121
30110202101102022011020230110203101102032011020330110210201102103011021110110211
0021122200211223■021123100211232002112330021130100211302002113030021131100211312
00333031003330320033303300333101003331020033310300333111003331120033311300333121
212023222130232222102322■2202322223023222310232223202322233023223030232231102322
13302030133021101330212013302130133022101330222013302230133023101330232013302330
01223323012233310122333201223333012301230131012301320123013301230202012302030123
01220110012201200122013001220210012202200122023001220■10012203200122033001221010
2221113222311132232111322331113231211132■131113232211132323111323321113233311133
03133211031332120313321303133221031332220313322303133231031332320313323303133311
20223333302302303023023110230231202302313023023210230232202302323023023310230233
02313013023210130232201302323013023310130233201302333013030210130302201303023013
33303112032031120330311211103112112031121130311212103112122031121230311213103112
2032102120322021203230212033102120332021203330212102202121023021210310212103■021
33301201202012012030120121101201212012012130120122101201222012012230120123101201
22332221223322312233■32122332331223331312233322122333231223333212233333123123131
20302120203021302030221020302220203022302030231020302320203023302030303020303110
31031133320311333303120312031303120321031203220312032303120331031203320312033303
10300211111002111120021111300211121002111220021112300211131002111320021113300211
33100031332000313330003200100032002000320030003201100032012000320130003202100032
103303221111032211120322111303221■2103221122032211230322113103221132032211330322
23210311232203112323031■23310311233203112333031130320311303303113111031131120311
31003201320032013300320201003202020032020300320211003202120032021300320221003202
11320203113302031203020312110203121202031213020312210203122202031223020312310203
202202333022030230220303102203032022030330220310302203111022031120■2031130220312
12011323130113232101132322011323230113233101132332011323330113301201133013011330
32300010331000103320001033300011001000110020001100300011011000110120001101300011
10323303103311031033120310331303103321031033220310332303103331031033320310333■03
20230223203102232032022320330223210302232111022321120223211302232121022321220223
21020122210301222111012221120122211301222121012221220122212301222131012221320122
01213111012131120121311301213121012131220121312301213131012131320121313301213202
12000231130002312100023122000231230002313100023132000231330002320100023202000232
02302010023020200230203002302110023021200230213002302210023022200230223002302310
31320130313301303202013032030130321101303212013032130130322101303222013032230130
30231303102313032023130330231310302313111023131120231311302313121023131220231312
01202221012022220120222301202231012022320120223301202302012■23030120231101202312
23031122310311223203112233031123110311231203112313031123210311232203112323031123
20210032202200322023003220310032203200322033003221010032210200322103003221110032
22311020223120202231302022321020223220202232302022331020223320202233302023021020
02123202021233020213030202131102021312020213130202132102021322020213230202133102
10211231202112313021123210211232202112323021123310211233202112333021130220211302
03333322033333230333333103333332033333331111111121111111311111122111111231111113
10120210101202201012023010120310101203201012033010121020101210301012111010121120
21210231212202312123023121310231213202312133023122030231221102312212023122130231
12303030123031101230312012303130123032101230322012303230123033101230332012303330
12231131122312211223123112231321122313311223212112232131122322211223223112■32321
10200233103002331110023311200233113002331210023312200233123002331310023313200233
22122000221230002213100022132000221330002220100022202000222030002221100022212000
20133313301333202013332030133321101333212013332130133322101333222013332230133323
0232100202322002023230020233100202332002023330020300300203011■020301200203013002
23301323302013233030132331101323312013233130132332101323322013233230132333101323
30000103100001032000010330000110100001102000011030000111100001112000011130000112
123120311231303112321031123220311232303112331031123320311233303113032031130330■1
01123220011232300112331001123320011233300113002001130030011301100113012001130130
23101■33232012332330123330201233303012333110123331201233313012333210123332201233
32332232332322323333223322332323223323332233323322333323223333332323232333232332
30211321102113212021132130211322102113222021132230211323102113232021132330211330
32011011330110120201101203011012110110121201101213011012210110122201101223011012
03332021033330211021102120211021302110221021102220211022302110231021102320211023
32230100322302003223030032231100322312003223130032232100322322003223230032233100
020200030203000302110003021200030213000302210003022200■3022300030231000302320003
20233130202332102023322020233230202333102023332020233330203020302110203021202030
01122222011222230112223101122232011222330112230201122303011223110112231201122313
22000012230000123100001232000012330000130100001302000013030000131100001312000013
00010010000100200001003000010110000101200001013000010210000102200001023000010310
21321112213311122212111222131112222211122223111222321112223311122312111223131112
20130333301310131013201310133013102020131020301310211013102120131021301310221013
11010013110200131103001311110013111200131113001311210013112200131123001311310013
12212130122122101221222012212230122123101221232012212330122130201221303012213110
31210033312200333123003331310033313200333133003332010033320200333203003332110033
32313010323210103232201032323010323310103233201032333010330110103301201033013010
22313330223202302232031022320320223203302232103022321110223211202232113022321210
3211122233111223121112231311122322111223231112233211122333111231121112311311123■
133122021331230213313102133132021331330213320302133211021332120213321302133221■2
12220121122301211231012112320121123301211302012113030121131101211312012113130121
1213323112133321■213333112211221123112211321122113311221212112212131122122211221
22121033221220332212303322131033221320332213303322211033222120332221303322221033
23001233310012333200123333001300130021001300220013002300130031001300320013003300
00312010003120200031203000312110003121200031213000312210003122200031223000312310
03123001031310010313200103133001032010010320200103203001032110010321200103213001
30321232103212322032123230■21233103212332032123330321303303213111032131120321311
20212001202130012022100120222001202230012023100120232001202330012030100120302001
02020000020300000211000002120000021300000221000002220000022300000231000002320000
22101012222010122230101223101012232010122330101230201012303010123110101231201012
33020232030202321102023212020232130202322102023222020232230202323102023232020232
11022123120221231302212321022123220221232302212331022123320221233302213023022130
21122120211221302112221021122220211222302112231■21122320211223302112303021123110
22202002222030■22221100222212002222130022222100222222002222230022223100222232002
0131102001■110300131111001311120013111300131121001311220013112300131131001311320
21311312222113122231131223211312233113123121131231311312322113123231131233211312
32320333323303333311033333120333331303333321033333220333332303333331033333320333
2201203123012031310120313201203133012032020120320301203211012032120120321301■032
33222131332231313323213133233131333221313332313133332131333331321322213213223132
13021333210213332202133323021333310213333202133333022022030220221102202212022022
01221310012213200122133001222010012220200122203001222110012221200122213001222210
32210310322203103223031032310310323203103233031033110310331203103313031033210310
10203233202032333020330210203302202033023020330310203303202033033020331030203311
12002010130020102100201022002010230020103100201032002010330020110100201102002011
31033133320331333303320332033303321111033211120332111303321121033211220332112303
30023313100233132002331330023320100233202002332030023321100233212002332130023322
00222022002220230022203100222032002220330022210100222102002221030022211100222112
13013101130132011301330113020201130203011302110113021201130213011302210113022201
21121312311213132112131331121321211213■13112132221121322311213232112132331121331
33102301331031013310320133103301331102013311030133111101331112013311130133112101
23200331233003313010033130200331303003313110033131200331313003313210033132200331
20202031302020321020203■20202032302020331020203320202033302021021020210220202102
00020003000200110002001200020013000200210002002200020023000200310002003200020033
302010133030101331101013312010133130■0133210101332201013323010133310101333201013
21132331311323322113233231132333211323333113311331212113312131133122211331223113
21001323220013232300132331001323320013233300133002001330030013301100133012001330
32311000323120003231300032321000323220003232300032331000323320003233300033001000
20020313300203201002032020020320300203211002032120020321300203221002032220020322
20302■21211022212120222121302221221022212220222122302221231022212320222123302221
01331132013311330133120201331203013312110133121201331213013312210133122201331223
20211103302111103021111110211111202111113021111210211112202111123021111310211113
13103311132033111330331121103311212033112130331122103311222033112230331123103311
31213010312210103122201031223010312310103123201031233010313020103130301031311010
20301011211010112120101121301011221010112220101122301011231010112320101123301011
11112313111123221111232311112332111123331111311211113113111131221111312311113132
30031132100311322003113230031133100311332003113330031201100312012003120130031202
30213331102133312021333130213332102133322021333230213333102133332021333330220220
002321030023211100232112■0232113002321210023212200232123002321310023213200232133
12313120123131301231321012313220123132301231331012313320123133301232013012320210
21331202213313022133210221332202213323022133310221333202213333022202220223022202
33333202333333030303031103030312030303130303032103030322030303230303033103030332
02010013020200130203001302110013021200130213001302210013022200130223001302310013
20230233302303031023030320230303302303103023031110230311202303113023031210230312
02031200020313000203210002032200020323000203310002033200020333000210010002100200
21130012212100122122001221230012213100122132001221330012220100122202001222030012
02223000022310000223200002233000023010000230200002303000023110000231200002313000
32022121330221220302212211022122120221221302212221022122220221222302212231022122
10232311202323113023231210232312202323123023231310232313202323133023232030232321
22121230221213102212132022121330221220302212211022122120221221302212221022122220
13303122211031222120312221303122221031222220312222303122231031222320312223303122
