3210230■32
011123■301
130022■121
2210302322
1013302320
2330232330
0202123202
2032302120
0020103000
2103322021
■200211303
0221121002
3301202013
1■21222311
3210203132
2212121022
12301■1012
1330003220
1231010012
3032122210
3121023131
0002312200
0131112301
30■0031130
1103332011
1023303220
0100032■02
0323211103
1103321212
2300031031
3000121310
1000300120
1132102011
1233100112
0333312103
0103110301
010023220■
12■2210012
0220013202
0233211102
2000222230
2023103230
3301220122
1203113012
0110102301
3020200330
0023103200
0101313101
1120332011
3023003030
3123332■21
0■20211002
0221230102
02303■2302
300222011■
3230320032
1321013213
1311211322
0310200303
3213310032
3303133■11
1332002313
2013032130
2030120321
3221200232
2132203121
3■23221321
032303■103
0301303211
1333011020
2021032330
0100021202
0201103203
1031231010
3230220132
1010300010
131011■013
3001321210
0232223102
1122223011
1331030013
2321333323
1■11221313
1012113320
0010132000
30■2322310
12■1103312
0022300200
1132101111
1100012112
0113102101
0310220103
0023123000
0■21130100
2121020321
0113120001
2022103330
0330311311
3301320202
■001100330
322■010032
0103231101
2022000320
3210122332
2233010022
1130320011
3333321133
03032■3203
3000331010
0321301303
1211322112
0311122003
23031■0023
2002312130
2032122130
0000320000
1210332312
1130122■12
1022113220
0130021001
3113313121
1231031112
0200313203
3■32022133
1013200110
22■0111022
1202120213
2011121130
3111211221
2322020223
2230100322
3232002032
1133■02011
20■2202030
3322312233
031211■303
1131313311
01333313■1
1210000112
3011131110
0211100202
2131032321
1121303211
1120323211
0223210002
0123330301
3130132132
1230102313
■201020113
0200333002
0101103301
1333203113
0212033302
3223023332
1120123311
0113121101
020■231302
3303313033
1231112213
0120313301
0002123200
11233■2211
12223■3212
3103233332
3311303333
0223233202
2223202122
2120■31321
2113312021
0101121301
0■20312103
0131011301
1231132313
221031102■
3013102110
2111113331
1132131111
3320321333
3222300132
1230331113
2102231122
3211021232
1130303112
1213101112
3023230310
0322112103
1123311011
10032■2320
2303320023
1000302220
3022122210
1102312112
23021■0331
■112301121
23■1021131
3212020132
1320122■13
0000103100
1201302213
3013022020
3112013231
10002231■0
0320022103
3130111032
2000230030
3123023031
0322233003
0121133001
3321312133
1022302210
0303122303
3130032032
2201100222
0220122102
0310302203
1213■31212
3223232132
0021100300
002123110■
0002001100
22■2102222
0303120203
3213020032
3303310233
3100000232
3203■30333
0133230001
02023021■2
1001313■20
0103103101
1100220212
3000000110
1202210012
3103013331
2021203■30
1231001012
1322233■13
1331330313
2132■03221
3212232233
2212101322
2300312031
0232012102
0013103000
3222333032
0233320202
3312021033
2132310321
2133112222
123021■113
1331330113
10231■1010
3333202233
2032131020
0330223210
1312221013
03■0313003
1222231■12
11303■1312
2012330330
1210310212
1030200210
2013333330
303■010231
0002131300
3121■11231
3210030032
0122211201
123211■112
3133122132
00022■1000
0112130301
0000322100
123123■312
2112132231
3232212132
3313330133
1133322■11
3031313310
2121233121
1033230310
3102021132
0010002100
1121300111
2202120323
1303111221
3310303133
3222112032
3231212■33
0231003102
23■3202223
1332011113
21■1133322
1003323320
0330110310
2133000222
3132■21131
0100■03102
2031130220
2230300122
0113333101
3213221333
3323331133
3220201032
3101103032
3203003032
3130113232
0122203201
2001331330
1231300312
3332010033
1311203013
2230222123
1120113311
3223003232
1231013312
1132010011
3211002332
0311300003
0213■21202
3302211023
1110332211
1011020110
21022■1121
2130211022
3011030210
1121203011
10310110■0
3023000230
301233003■
0111102101
3200113133
■101200201
3132100131
2313132232
1120■22011
0100202202
1213120212
3122020331
0210232002
0021231100
1310320113
030■322111
10222■0210
20301011■1
3231313032
0010311300
3211210132
2030210020
2030■33130
2213213323
2232201322
1020233010
1001101020
303312231■
2122111221
2223202222
0020122300
0202222102
3220313332
1111311311
2333313331
3031301330
2102212122
1111212111
1321030013
3021303030
0123320301
00313■2100
3132332131
3033013231
30■3011331
1002000110
2000032330
3101131032
3100210032
3102232132
1230122313
3313033133
2333330030
2011121330
0011223100
1200312213
3030132231
0212010202
1■23031312
1033231320
■022203210
2203030222
313■202031
23103213■3
3201313■33
2332130123
3222230132
1■02202312
2233100222
0222013102
0300020311
0200313002
2130201021
2032110220
1003330220
2201100122
0203101202
1201031013
1322030313
0211123■02
32■0122333
0221302202
032231120■
2001203030
1211033112
32231■3332
203■210120
3303322033
32312210■2
3110100231
23200■3123
0330010110
3211210232
2213303222
2202110022
2■33113122
3232300232
■323223303
3■00122210
131330331■
0000210200
30210231■0
2010022220
0301302111
02233■0102
3100323332
302■233210
3302■32303
1230012113
3330322103
2312302123
2000111030
3133302132
0121■11001
32■3231232
3112320231
1202020313
1121232211
0323331203
1020323120
3213221232
1222321312
223■033222
2123021121
3223013232
3221023032
2210131222
1010013■10
12101011■2
112103021■
2202320122
2231310022
3032023130
0132130001
300■113210
3120332331
3302103■03
3010013■30
1132230111
33131■3133
3331202133
323■020232
0022301000
■112003331
0132011201
2202332323
■113033311
232■300223
13■1333321
1203110112
3210210032
0120021101
2203102022
102■002310
1022130010
1310233013
2002132230
2232303122
331■303033
2231103322
3310232033
0310131003
■111301221
1031131010
1210213212
2203220022
0310331103
1110313111
0121122301
2333220■23
1121231111
311■203031
3022310310
