3210230032
0111232301
1300223121
2210302322
1013302320
2330232330
0202123202
2032302120
0020103000
2103322021
0200211303
0221121002
3301202013
1121222311
3210203132
2212121022
1230131012
1330003220
1231010012
3032122210
3121023131
0002312200
0131112301
3020031130
1103332011
1023303220
0100032002
0323211103
1103321212
2300031031
3000121310
1000300120
1132102011
1233100112
0333312103
0103110301
0100232202
1232210012
0220013202
0233211102
2000222230
2023103230
3301220122
1203113012
0110102301
3020200330
0023103200
0101313101
1120332011
3023003030
3123332221
0220211002
0221230102
0230322302
3002220110
3230320032
1321013213
1311211322
0310200303
3213310032
3303133311
1332002313
2013032130
2030120321
3221200232
2132203121
3123221321
0323030103
0301303211
1333011020
2021032330
0100021202
0201103203
1031231010
3230220132
1010300010
1310110013
3001321210
0232223102
1122223011
1331030013
2321333323
1211221313
1012113320
0010132000
3012322310
1231103312
0022300200
1132101111
1100012112
0113102101
0310220103
0023123000
0021130100
2121020321
0113120001
2022103330
0330311311
3301320202
2001100330
3221010032
0103231101
2022000320
3210122332
2233010022
1130320011
3333321133
0303233203
3000331010
0321301303
1211322112
0311122003
2303110023
2002312130
2032122130
0000320000
1210332312
1130122112
1022113220
0130021001
3113313121
1231031112
0200313203
3332022133
1013200110
2210111022
1202120213
2011121130
3111211221
2322020223
2230100322
3232002032
1133202011
2002202030
3322312233
0312110303
1131313311
0133331301
1210000112
3011131110
0211100202
2131032321
1121303211
1120323211
0223210002
0123330301
3130132132
1230102313
1201020113
0200333002
0101103301
1333203113
0212033302
3223023332
1120123311
0113121101
0202231302
3303313033
1231112213
0120313301
0002123200
1123312211
1222333212
3103233332
3311303333
0223233202
2223202122
2120031321
2113312021
0101121301
0320312103
0131011301
1231132313
2210311022
3013102110
2111113331
1132131111
3320321333
3222300132
1230331113
2102231122
3211021232
1130303112
1213101112
3023230310
0322112103
1123311011
1003202320
2303320023
1000302220
3022122210
1102312112
2302120331
2112301121
2301021131
3212020132
1320122213
0000103100
1201302213
3013022020
3112013231
1000223120
0320022103
3130111032
2000230030
3123023031
0322233003
0121133001
3321312133
1022302210
0303122303
3130032032
2201100222
0220122102
0310302203
1213231212
3223232132
0021100300
0021231100
0002001100
2232102222
0303120203
3213020032
3303310233
3100000232
3203230333
0133230001
0202302102
1001313220
0103103101
1100220212
3000000110
1202210012
3103013331
2021203230
1231001012
1322233113
1331330313
2132203221
3212232233
2212101322
2300312031
0232012102
0013103000
3222333032
0233320202
3312021033
2132310321
2133112222
1230213113
1331330113
1023131010
3333202233
2032131020
0330223210
1312221013
0320313003
1222231312
1130321312
2012330330
1210310212
1030200210
2013333330
3030010231
0002131300
3121211231
3210030032
0122211201
1232110112
3133122132
0002231000
0112130301
0000322100
1231230312
2112132231
3232212132
3313330133
1133322111
3031313310
2121233121
1033230310
3102021132
0010002100
1121300111
2202120323
1303111221
3310303133
3222112032
3231212233
0231003102
2313202223
1332011113
2131133322
1003323320
0330110310
2133000222
3132021131
0100303102
2031130220
2230300122
0113333101
3213221333
3323331133
3220201032
3101103032
3203003032
3130113232
0122203201
2001331330
1231300312
3332010033
1311203013
2230222123
1120113311
3223003232
1231013312
1132010011
3211002332
0311300003
0213321202
3302211023
1110332211
1011020110
2102201121
2130211022
3011030210
1121203011
1031011010
3023000230
3012330030
0111102101
3200113133
0101200201
3132100131
2313132232
1120122011
0100202202
1213120212
3122020331
0210232002
0021231100
1310320113
0302322111
1022200210
2030101121
3231313032
0010311300
3211210132
2030210020
2030333130
2213213323
2232201322
1020233010
1001101020
3033122310
2122111221
2223202222
0020122300
0202222102
3220313332
1111311311
2333313331
3031301330
2102212122
1111212111
1321030013
3021303030
0123320301
0031332100
3132332131
3033013231
3033011331
1002000110
2000032330
3101131032
3100210032
3102232132
1230122313
3313033133
2333330030
2011121330
0011223100
1200312213
3030132231
0212010202
1223031312
1033231320
3022203210
2203030222
3132202031
2310321323
3201313233
2332130123
3222230132
1102202312
2233100222
0222013102
0300020311
0200313002
2130201021
2032110220
1003330220
2201100122
0203101202
1201031013
1322030313
0211123002
3200122333
0221302202
0322311203
2001203030
1211033112
3223103332
2031210120
3303322033
3231221032
3110100231
2320003123
0330010110
3211210232
2213303222
2202110022
2133113122
3232300232
0323223303
3000122210
1313303313
0000210200
3021023110
2010022220
0301302111
0223310102
3100323332
3023233210
3302232303
1230012113
3330322103
2312302123
2000111030
3133302132
0121011001
3233231232
3112320231
1202020313
1121232211
0323331203
1020323120
3213221232
1222321312
2232033222
2123021121
3223013232
3221023032
2210131222
1010013110
1210101112
1121030211
2202320122
2231310022
3032023130
0132130001
3003113210
3120332331
3302103203
3010013330
1132230111
3313123133
3331202133
3231020232
0022301000
3112003331
0132011201
2202332323
1113033311
2323300223
1301333321
1203110112
3210210032
0120021101
2203102022
1022002310
1022130010
1310233013
2002132230
2232303122
3313303033
2231103322
3310232033
0310131003
2111301221
1031131010
1210213212
2203220022
0310331103
1110313111
0121122301
2333220123
1121231111
3113203031
3022310310
