0010000000200000003000000110000001200000013000000210000002200000023000000310000003200000033000001010000010200000103000001110000011200000113000001210000012200000
0003210000032200000323000003310000033200000333000010010000100200001003000010110000101200001013000010210000102200001023000010310000103200001033000011010000110200
3000011010000110200001103000011110000111200001113000011210000112200001123000011310000113200001133000012010000120200001203000012110000121200001213000012210000122
0302000003030000031100000312000003130000032100000322000003230000033100000332000003330000100100001002000010030000101100001012000010130000102100001022000010230000
0003000000110000001200000013000000210000002200000023000000310000003200000033000001010000010200000103000001110000011200000113000001210000012200000123000001310000
1000000020000000300000011000000120000001300000021000000220000002300000031000000320000003300000101000001020000010300000111000001120000011300000121000001220000012
0001012000010130000102100001022000010230000103100001032000010330000110100001102000011030000111100001112000011130000112100001122000011230000113100001132000011330
0021000000220000002300000031000000320000003300000101000001020000010300000111000001120000011300000121000001220000012300000131000001320000013300000201000002020000
0001220000012300000131000001320000013300000201000002020000020300000211000002120000021300000221000002220000022300000231000002320000023300000301000003020000030300
0000020000000300000011000000120000001300000021000000220000002300000031000000320000003300000101000001020000010300000111000001120000011300000121000001220000012300
0000301000003020000030300000311000003120000031300000321000003220000032300000331000003320000033300001001000010020000100300001011000010120000101300001021000010220
1010000010200000103000001110000011200000113000001210000012200000123000001310000013200000133000002010000020200000203000002110000021200000213000002210000022200000
2000002130000022100000222000002230000023100000232000002330000030100000302000003030000031100000312000003130000032100000322000003230000033100000332000003330000100
0000221000002220000022300000231000002320000023300000301000003020000030300000311000003120000031300000321000003220000032300000331000003320000033300001001000010020
0200000003000000110000001200000013000000210000002200000023000000310000003200000033000001010000010200000103000001110000011200000113000001210000012200000123000001
0000323000003310000033200000333000010010000100200001003000010110000101200001013000010210000102200001023000010310000103200001033000011010000110200001103000011110
3200000033000001010000010200000103000001110000011200000113000001210000012200000123000001310000013200000133000002010000020200000203000002110000021200000213000002
1021000010220000102300001031000010320000103300001101000011020000110300001111000011120000111300001121000011220000112300001131000011320000113300001201000012020000
0002120000021300000221000002220000022300000231000002320000023300000301000003020000030300000311000003120000031300000321000003220000032300000331000003320000033300
1300001021000010220000102300001031000010320000103300001101000011020000110300001111000011120000111300001121000011220000112300001131000011320000113300001201000012
0000013000000210000002200000023000000310000003200000033000001010000010200000103000001110000011200000113000001210000012200000123000001310000013200000133000002010
0032100000322000003230000033100000332000003330000100100001002000010030000101100001012000010130000102100001022000010230000103100001032000010330000110100001102000
3220000032300000331000003320000033300001001000010020000100300001011000010120000101300001021000010220000102300001031000010320000103300001101000011020000110300001
0002100000022000000230000003100000032000000330000010100000102000001030000011100000112000001130000012100000122000001230000013100000132000001330000020100000202000
1000002120000021300000221000002220000022300000231000002320000023300000301000003020000030300000311000003120000031300000321000003220000032300000331000003320000033
0000331000003320000033300001001000010020000100300001011000010120000101300001021000010220000102300001031000010320000103300001101000011020000110300001111000011120
0000202000002030000021100000212000002130000022100000222000002230000023100000232000002330000030100000302000003030000031100000312000003130000032100000322000003230
1031000010320000103300001101000011020000110300001111000011120000111300001121000011220000112300001131000011320000113300001201000012020000120300001211000012120000
0001330000020100000202000002030000021100000212000002130000022100000222000002230000023100000232000002330000030100000302000003030000031100000312000003130000032100
0103100001032000010330000110100001102000011030000111100001112000011130000112100001122000011230000113100001132000011330000120100001202000012030000121100001212000
0011300000121000001220000012300000131000001320000013300000201000002020000020300000211000002120000021300000221000002220000022300000231000002320000023300000301000
0102000001030000011100000112000001130000012100000122000001230000013100000132000001330000020100000202000002030000021100000212000002130000022100000222000002230000
0000003100000032000000330000010100000102000001030000011100000112000001130000012100000122000001230000013100000132000001330000020100000202000002030000021100000212
0001021000010220000102300001031000010320000103300001101000011020000110300001111000011120000111300001121000011220000112300001131000011320000113300001201000012020
0000103300001101000011020000110300001111000011120000111300001121000011220000112300001131000011320000113300001201000012020000120300001211000012120000121300001221
0012000000130000002100000022000000230000003100000032000000330000010100000102000001030000011100000112000001130000012100000122000001230000013100000132000001330000
0000311000003120000031300000321000003220000032300000331000003320000033300001001000010020000100300001011000010120000101300001021000010220000102300001031000010320
0000313000003210000032200000323000003310000033200000333000010010000100200001003000010110000101200001013000010210000102200001023000010310000103200001033000011010
1000010220000102300001031000010320000103300001101000011020000110300001111000011120000111300001121000011220000112300001131000011320000113300001201000012020000120
1020000110300001111000011120000111300001121000011220000112300001131000011320000113300001201000012020000120300001211000012120000121300001221000012220000122300001
0000130000002100000022000000230000003100000032000000330000010100000102000001030000011100000112000001130000012100000122000001230000013100000132000001330000020100
1030000011100000112000001130000012100000122000001230000013100000132000001330000020100000202000002030000021100000212000002130000022100000222000002230000023100000
0102100001022000010230000103100001032000010330000110100001102000011030000111100001112000011130000112100001122000011230000113100001132000011330000120100001202000
0310000003200000033000001010000010200000103000001110000011200000113000001210000012200000123000001310000013200000133000002010000020200000203000002110000021200000
0000121000001220000012300000131000001320000013300000201000002020000020300000211000002120000021300000221000002220000022300000231000002320000023300000301000003020
2000011030000111100001112000011130000112100001122000011230000113100001132000011330000120100001202000012030000121100001212000012130000122100001222000012230000123
0323000003310000033200000333000010010000100200001003000010110000101200001013000010210000102200001023000010310000103200001033000011010000110200001103000011110000
0001013000010210000102200001023000010310000103200001033000011010000110200001103000011110000111200001113000011210000112200001123000011310000113200001133000012010
1300000121000001220000012300000131000001320000013300000201000002020000020300000211000002120000021300000221000002220000022300000231000002320000023300000301000003
0003300000101000001020000010300000111000001120000011300000121000001220000012300000131000001320000013300000201000002020000020300000211000002120000021300000221000
0000011100000112000001130000012100000122000001230000013100000132000001330000020100000202000002030000021100000212000002130000022100000222000002230000023100000232
0000101300001021000010220000102300001031000010320000103300001101000011020000110300001111000011120000111300001121000011220000112300001131000011320000113300001201
0000031300000321000003220000032300000331000003320000033300001001000010020000100300001011000010120000101300001021000010220000102300001031000010320000103300001101
0000012300000131000001320000013300000201000002020000020300000211000002120000021300000221000002220000022300000231000002320000023300000301000003020000030300000311
0022300000231000002320000023300000301000003020000030300000311000003120000031300000321000003220000032300000331000003320000033300001001000010020000100300001011000
0230000003100000032000000330000010100000102000001030000011100000112000001130000012100000122000001230000013100000132000001330000020100000202000002030000021100000
0100000002000000030000001100000012000000130000002100000022000000230000003100000032000000330000010100000102000001030000011100000112000001130000012100000122000001
2330000030100000302000003030000031100000312000003130000032100000322000003230000033100000332000003330000100100001002000010030000101100001012000010130000102100001
1011000010120000101300001021000010220000102300001031000010320000103300001101000011020000110300001111000011120000111300001121000011220000112300001131000011320000
0001002000010030000101100001012000010130000102100001022000010230000103100001032000010330000110100001102000011030000111100001112000011130000112100001122000011230
3000000110000001200000013000000210000002200000023000000310000003200000033000001010000010200000103000001110000011200000113000001210000012200000123000001310000013
0032200000323000003310000033200000333000010010000100200001003000010110000101200001013000010210000102200001023000010310000103200001033000011010000110200001103000
0010220000102300001031000010320000103300001101000011020000110300001111000011120000111300001121000011220000112300001131000011320000113300001201000012020000120300
0003220000032300000331000003320000033300001001000010020000100300001011000010120000101300001021000010220000102300001031000010320000103300001101000011020000110300
0013300000201000002020000020300000211000002120000021300000221000002220000022300000231000002320000023300000301000003020000030300000311000003120000031300000321000
0003120000031300000321000003220000032300000331000003320000033300001001000010020000100300001011000010120000101300001021000010220000102300001031000010320000103300
3200001033000011010000110200001103000011110000111200001113000011210000112200001123000011310000113200001133000012010000120200001203000012110000121200001213000012
1300000321000003220000032300000331000003320000033300001001000010020000100300001011000010120000101300001021000010220000102300001031000010320000103300001101000011
0003110000031200000313000003210000032200000323000003310000033200000333000010010000100200001003000010110000101200001013000010210000102200001023000010310000103200
0030200000303000003110000031200000313000003210000032200000323000003310000033200000333000010010000100200001003000010110000101200001013000010210000102200001023000
0231000002320000023300000301000003020000030300000311000003120000031300000321000003220000032300000331000003320000033300001001000010020000100300001011000010120000
3100000332000003330000100100001002000010030000101100001012000010130000102100001022000010230000103100001032000010330000110100001102000011030000111100001112000011
2220000022300000231000002320000023300000301000003020000030300000311000003120000031300000321000003220000032300000331000003320000033300001001000010020000100300001
0020000100300001011000010120000101300001021000010220000102300001031000010320000103300001101000011020000110300001111000011120000111300001121000011220000112300001
2030000021100000212000002130000022100000222000002230000023100000232000002330000030100000302000003030000031100000312000003130000032100000322000003230000033100000
2200000323000003310000033200000333000010010000100200001003000010110000101200001013000010210000102200001023000010310000103200001033000011010000110200001103000011
0003100000032000000330000010100000102000001030000011100000112000001130000012100000122000001230000013100000132000001330000020100000202000002030000021100000212000
2000000230000003100000032000000330000010100000102000001030000011100000112000001130000012100000122000001230000013100000132000001330000020100000202000002030000021
0020100000202000002030000021100000212000002130000022100000222000002230000023100000232000002330000030100000302000003030000031100000312000003130000032100000322000
0010120000101300001021000010220000102300001031000010320000103300001101000011020000110300001111000011120000111300001121000011220000112300001131000011320000113300
0022000000230000003100000032000000330000010100000102000001030000011100000112000001130000012100000122000001230000013100000132000001330000020100000202000002030000
0000100200001003000010110000101200001013000010210000102200001023000010310000103200001033000011010000110200001103000011110000111200001113000011210000112200001123
0000120000001300000021000000220000002300000031000000320000003300000101000001020000010300000111000001120000011300000121000001220000012300000131000001320000013300
1010000110200001103000011110000111200001113000011210000112200001123000011310000113200001133000012010000120200001203000012110000121200001213000012210000122200001
3100000232000002330000030100000302000003030000031100000312000003130000032100000322000003230000033100000332000003330000100100001002000010030000101100001012000010
0002320000023300000301000003020000030300000311000003120000031300000321000003220000032300000331000003320000033300001001000010020000100300001011000010120000101300
0000022100000222000002230000023100000232000002330000030100000302000003030000031100000312000003130000032100000322000003230000033100000332000003330000100100001002
0000020300000211000002120000021300000221000002220000022300000231000002320000023300000301000003020000030300000311000003120000031300000321000003220000032300000331
0000031000000320000003300000101000001020000010300000111000001120000011300000121000001220000012300000131000001320000013300000201000002020000020300000211000002120
0103300001101000011020000110300001111000011120000111300001121000011220000112300001131000011320000113300001201000012020000120300001211000012120000121300001221000
0000320000003300000101000001020000010300000111000001120000011300000121000001220000012300000131000001320000013300000201000002020000020300000211000002120000021300
3100001032000010330000110100001102000011030000111100001112000011130000112100001122000011230000113100001132000011330000120100001202000012030000121100001212000012
0000212000002130000022100000222000002230000023100000232000002330000030100000302000003030000031100000312000003130000032100000322000003230000033100000332000003330
0020200000203000002110000021200000213000002210000022200000223000002310000023200000233000003010000030200000303000003110000031200000313000003210000032200000323000
0100001102000011030000111100001112000011130000112100001122000011230000113100001132000011330000120100001202000012030000121100001212000012130000122100001222000012
0011000000120000001300000021000000220000002300000031000000320000003300000101000001020000010300000111000001120000011300000121000001220000012300000131000001320000
0000333000010010000100200001003000010110000101200001013000010210000102200001023000010310000103200001033000011010000110200001103000011110000111200001113000011210
1200000013000000210000002200000023000000310000003200000033000001010000010200000103000001110000011200000113000001210000012200000123000001310000013200000133000002
0031100000312000003130000032100000322000003230000033100000332000003330000100100001002000010030000101100001012000010130000102100001022000010230000103100001032000
3300001001000010020000100300001011000010120000101300001021000010220000102300001031000010320000103300001101000011020000110300001111000011120000111300001121000011
0013100000132000001330000020100000202000002030000021100000212000002130000022100000222000002230000023100000232000002330000030100000302000003030000031100000312000
0000232000002330000030100000302000003030000031100000312000003130000032100000322000003230000033100000332000003330000100100001002000010030000101100001012000010130
2000002330000030100000302000003030000031100000312000003130000032100000322000003230000033100000332000003330000100100001002000010030000101100001012000010130000102
3000001010000010200000103000001110000011200000113000001210000012200000123000001310000013200000133000002010000020200000203000002110000021200000213000002210000022
0000112000001130000012100000122000001230000013100000132000001330000020100000202000002030000021100000212000002130000022100000222000002230000023100000232000002330
2000003130000032100000322000003230000033100000332000003330000100100001002000010030000101100001012000010130000102100001022000010230000103100001032000010330000110
0001003000010110000101200001013000010210000102200001023000010310000103200001033000011010000110200001103000011110000111200001113000011210000112200001123000011310
0100000102000001030000011100000112000001130000012100000122000001230000013100000132000001330000020100000202000002030000021100000212000002130000022100000222000002
0000033300001001000010020000100300001011000010120000101300001021000010220000102300001031000010320000103300001101000011020000110300001111000011120000111300001121
0120000101300001021000010220000102300001031000010320000103300001101000011020000110300001111000011120000111300001121000011220000112300001131000011320000113300001
0000201000002020000020300000211000002120000021300000221000002220000022300000231000002320000023300000301000003020000030300000311000003120000031300000321000003220
0000110300001111000011120000111300001121000011220000112300001131000011320000113300001201000012020000120300001211000012120000121300001221000012220000122300001231
3200000333000010010000100200001003000010110000101200001013000010210000102200001023000010310000103200001033000011010000110200001103000011110000111200001113000011
0003330000100100001002000010030000101100001012000010130000102100001022000010230000103100001032000010330000110100001102000011030000111100001112000011130000112100
0000312000003130000032100000322000003230000033100000332000003330000100100001002000010030000101100001012000010130000102100001022000010230000103100001032000010330
0000110000001200000013000000210000002200000023000000310000003200000033000001010000010200000103000001110000011200000113000001210000012200000123000001310000013200
3300001101000011020000110300001111000011120000111300001121000011220000112300001131000011320000113300001201000012020000120300001211000012120000121300001221000012
0010030000101100001012000010130000102100001022000010230000103100001032000010330000110100001102000011030000111100001112000011130000112100001122000011230000113100
0001320000013300000201000002020000020300000211000002120000021300000221000002220000022300000231000002320000023300000301000003020000030300000311000003120000031300
0001110000011200000113000001210000012200000123000001310000013200000133000002010000020200000203000002110000021200000213000002210000022200000223000002310000023200
1200000113000001210000012200000123000001310000013200000133000002010000020200000203000002110000021200000213000002210000022200000223000002310000023200000233000003
0101100001012000010130000102100001022000010230000103100001032000010330000110100001102000011030000111100001112000011130000112100001122000011230000113100001132000
0000133000002010000020200000203000002110000021200000213000002210000022200000223000002310000023200000233000003010000030200000303000003110000031200000313000003210
2000010330000110100001102000011030000111100001112000011130000112100001122000011230000113100001132000011330000120100001202000012030000121100001212000012130000122
0023000000310000003200000033000001010000010200000103000001110000011200000113000001210000012200000123000001310000013200000133000002010000020200000203000002110000
0000102200001023000010310000103200001033000011010000110200001103000011110000111200001113000011210000112200001123000011310000113200001133000012010000120200001203
1022000010230000103100001032000010330000110100001102000011030000111100001112000011130000112100001122000011230000113100001132000011330000120100001202000012030000
0333000010010000100200001003000010110000101200001013000010210000102200001023000010310000103200001033000011010000110200001103000011110000111200001113000011210000
0001011000010120000101300001021000010220000102300001031000010320000103300001101000011020000110300001111000011120000111300001121000011220000112300001131000011320
0000021100000212000002130000022100000222000002230000023100000232000002330000030100000302000003030000031100000312000003130000032100000322000003230000033100000332
0000000300000011000000120000001300000021000000220000002300000031000000320000003300000101000001020000010300000111000001120000011300000121000001220000012300000131
0020000000300000011000000120000001300000021000000220000002300000031000000320000003300000101000001020000010300000111000001120000011300000121000001220000012300000
3300000101000001020000010300000111000001120000011300000121000001220000012300000131000001320000013300000201000002020000020300000211000002120000021300000221000002
0101200001013000010210000102200001023000010310000103200001033000011010000110200001103000011110000111200001113000011210000112200001123000011310000113200001133000
0001000000020000000300000011000000120000001300000021000000220000002300000031000000320000003300000101000001020000010300000111000001120000011300000121000001220000
0033200000333000010010000100200001003000010110000101200001013000010210000102200001023000010310000103200001033000011010000110200001103000011110000111200001113000
0010230000103100001032000010330000110100001102000011030000111100001112000011130000112100001122000011230000113100001132000011330000120100001202000012030000121100
0001120000011300000121000001220000012300000131000001320000013300000201000002020000020300000211000002120000021300000221000002220000022300000231000002320000023300
0022200000223000002310000023200000233000003010000030200000303000003110000031200000313000003210000032200000323000003310000033200000333000010010000100200001003000
1320000013300000201000002020000020300000211000002120000021300000221000002220000022300000231000002320000023300000301000003020000030300000311000003120000031300000
0000011300000121000001220000012300000131000001320000013300000201000002020000020300000211000002120000021300000221000002220000022300000231000002320000023300000301
0000001300000021000000220000002300000031000000320000003300000101000001020000010300000111000001120000011300000121000001220000012300000131000001320000013300000201
0000220000002300000031000000320000003300000101000001020000010300000111000001120000011300000121000001220000012300000131000001320000013300000201000002020000020300
0010300000111000001120000011300000121000001220000012300000131000001320000013300000201000002020000020300000211000002120000021300000221000002220000022300000231000
0001010000010200000103000001110000011200000113000001210000012200000123000001310000013200000133000002010000020200000203000002110000021200000213000002210000022200
0201000002020000020300000211000002120000021300000221000002220000022300000231000002320000023300000301000003020000030300000311000003120000031300000321000003220000
3000010010000100200001003000010110000101200001013000010210000102200001023000010310000103200001033000011010000110200001103000011110000111200001113000011210000112
1300000021000000220000002300000031000000320000003300000101000001020000010300000111000001120000011300000121000001220000012300000131000001320000013300000201000002
1000001320000013300000201000002020000020300000211000002120000021300000221000002220000022300000231000002320000023300000301000003020000030300000311000003120000031
0230000103100001032000010330000110100001102000011030000111100001112000011130000112100001122000011230000113100001132000011330000120100001202000012030000121100001
1002000010030000101100001012000010130000102100001022000010230000103100001032000010330000110100001102000011030000111100001112000011130000112100001122000011230000
1013000010210000102200001023000010310000103200001033000011010000110200001103000011110000111200001113000011210000112200001123000011310000113200001133000012010000
0002310000023200000233000003010000030200000303000003110000031200000313000003210000032200000323000003310000033200000333000010010000100200001003000010110000101200
0001020000010300000111000001120000011300000121000001220000012300000131000001320000013300000201000002020000020300000211000002120000021300000221000002220000022300
0000001200000013000000210000002200000023000000310000003200000033000001010000010200000103000001110000011200000113000001210000012200000123000001310000013200000133
0000000100000002000000030000001100000012000000130000002100000022000000230000003100000032000000330000010100000102000001030000011100000112000001130000012100000122
0002230000023100000232000002330000030100000302000003030000031100000312000003130000032100000322000003230000033100000332000003330000100100001002000010030000101100
0001130000012100000122000001230000013100000132000001330000020100000202000002030000021100000212000002130000022100000222000002230000023100000232000002330000030100
2010000020200000203000002110000021200000213000002210000022200000223000002310000023200000233000003010000030200000303000003110000031200000313000003210000032200000
0130000002100000022000000230000003100000032000000330000010100000102000001030000011100000112000001130000012100000122000001230000013100000132000001330000020100000
1100000012000000130000002100000022000000230000003100000032000000330000010100000102000001030000011100000112000001130000012100000122000001230000013100000132000001
2100001022000010230000103100001032000010330000110100001102000011030000111100001112000011130000112100001122000011230000113100001132000011330000120100001202000012
3230000033100000332000003330000100100001002000010030000101100001012000010130000102100001022000010230000103100001032000010330000110100001102000011030000111100001
0320000003300000101000001020000010300000111000001120000011300000121000001220000012300000131000001320000013300000201000002020000020300000211000002120000021300000
0001310000013200000133000002010000020200000203000002110000021200000213000002210000022200000223000002310000023200000233000003010000030200000303000003110000031200
0100000202000002030000021100000212000002130000022100000222000002230000023100000232000002330000030100000302000003030000031100000312000003130000032100000322000003
1000010020000100300001011000010120000101300001021000010220000102300001031000010320000103300001101000011020000110300001111000011120000111300001121000011220000112
0202000002030000021100000212000002130000022100000222000002230000023100000232000002330000030100000302000003030000031100000312000003130000032100000322000003230000
2000003330000100100001002000010030000101100001012000010130000102100001022000010230000103100001032000010330000110100001102000011030000111100001112000011130000112
0012300000131000001320000013300000201000002020000020300000211000002120000021300000221000002220000022300000231000002320000023300000301000003020000030300000311000
2100000122000001230000013100000132000001330000020100000202000002030000021100000212000002130000022100000222000002230000023100000232000002330000030100000302000003
0002130000022100000222000002230000023100000232000002330000030100000302000003030000031100000312000003130000032100000322000003230000033100000332000003330000100100
0300000311000003120000031300000321000003220000032300000331000003320000033300001001000010020000100300001011000010120000101300001021000010220000102300001031000010
0001022000010230000103100001032000010330000110100001102000011030000111100001112000011130000112100001122000011230000113100001132000011330000120100001202000012030
0010200000103000001110000011200000113000001210000012200000123000001310000013200000133000002010000020200000203000002110000021200000213000002210000022200000223000
0300000211000002120000021300000221000002220000022300000231000002320000023300000301000003020000030300000311000003120000031300000321000003220000032300000331000003
0103200001033000011010000110200001103000011110000111200001113000011210000112200001123000011310000113200001133000012010000120200001203000012110000121200001213000
1000003320000033300001001000010020000100300001011000010120000101300001021000010220000102300001031000010320000103300001101000011020000110300001111000011120000111
0003020000030300000311000003120000031300000321000003220000032300000331000003320000033300001001000010020000100300001011000010120000101300001021000010220000102300
0000103200001033000011010000110200001103000011110000111200001113000011210000112200001123000011310000113200001133000012010000120200001203000012110000121200001213
3200000133000002010000020200000203000002110000021200000213000002210000022200000223000002310000023200000233000003010000030200000303000003110000031200000313000003
0310000103200001033000011010000110200001103000011110000111200001113000011210000112200001123000011310000113200001133000012010000120200001203000012110000121200001
0030000101100001012000010130000102100001022000010230000103100001032000010330000110100001102000011030000111100001112000011130000112100001122000011230000113100001
2000002230000023100000232000002330000030100000302000003030000031100000312000003130000032100000322000003230000033100000332000003330000100100001002000010030000101
0110200001103000011110000111200001113000011210000112200001123000011310000113200001133000012010000120200001203000012110000121200001213000012210000122200001223000
0300000011000000120000001300000021000000220000002300000031000000320000003300000101000001020000010300000111000001120000011300000121000001220000012300000131000001
0012100000122000001230000013100000132000001330000020100000202000002030000021100000212000002130000022100000222000002230000023100000232000002330000030100000302000
2100000022000000230000003100000032000000330000010100000102000001030000011100000112000001130000012100000122000001230000013100000132000001330000020100000202000002
0001100000012000000130000002100000022000000230000003100000032000000330000010100000102000001030000011100000112000001130000012100000122000001230000013100000132000
1000000320000003300000101000001020000010300000111000001120000011300000121000001220000012300000131000001320000013300000201000002020000020300000211000002120000021
1210000012200000123000001310000013200000133000002010000020200000203000002110000021200000213000002210000022200000223000002310000023200000233000003010000030200000
0102200001023000010310000103200001033000011010000110200001103000011110000111200001113000011210000112200001123000011310000113200001133000012010000120200001203000
0002330000030100000302000003030000031100000312000003130000032100000322000003230000033100000332000003330000100100001002000010030000101100001012000010130000102100
0010320000103300001101000011020000110300001111000011120000111300001121000011220000112300001131000011320000113300001201000012020000120300001211000012120000121300
3000001210000012200000123000001310000013200000133000002010000020200000203000002110000021200000213000002210000022200000223000002310000023200000233000003010000030
0002200000023000000310000003200000033000001010000010200000103000001110000011200000113000001210000012200000123000001310000013200000133000002010000020200000203000
0211000002120000021300000221000002220000022300000231000002320000023300000301000003020000030300000311000003120000031300000321000003220000032300000331000003320000
1000000120000001300000021000000220000002300000031000000320000003300000101000001020000010300000111000001120000011300000121000001220000012300000131000001320000013
0301000003020000030300000311000003120000031300000321000003220000032300000331000003320000033300001001000010020000100300001011000010120000101300001021000010220000
3000000310000003200000033000001010000010200000103000001110000011200000113000001210000012200000123000001310000013200000133000002010000020200000203000002110000021
1000003120000031300000321000003220000032300000331000003320000033300001001000010020000100300001011000010120000101300001021000010220000102300001031000010320000103
0000210000002200000023000000310000003200000033000001010000010200000103000001110000011200000113000001210000012200000123000001310000013200000133000002010000020200
0003030000031100000312000003130000032100000322000003230000033100000332000003330000100100001002000010030000101100001012000010130000102100001022000010230000103100
2120000021300000221000002220000022300000231000002320000023300000301000003020000030300000311000003120000031300000321000003220000032300000331000003320000033300001
3000010110000101200001013000010210000102200001023000010310000103200001033000011010000110200001103000011110000111200001113000011210000112200001123000011310000113
3000000210000002200000023000000310000003200000033000001010000010200000103000001110000011200000113000001210000012200000123000001310000013200000133000002010000020
1001000010020000100300001011000010120000101300001021000010220000102300001031000010320000103300001101000011020000110300001111000011120000111300001121000011220000
2230000023100000232000002330000030100000302000003030000031100000312000003130000032100000322000003230000033100000332000003330000100100001002000010030000101100001
0022100000222000002230000023100000232000002330000030100000302000003030000031100000312000003130000032100000322000003230000033100000332000003330000100100001002000
0000023200000233000003010000030200000303000003110000031200000313000003210000032200000323000003310000033200000333000010010000100200001003000010110000101200001013
0300000111000001120000011300000121000001220000012300000131000001320000013300000201000002020000020300000211000002120000021300000221000002220000022300000231000002
0000011000000120000001300000021000000220000002300000031000000320000003300000101000001020000010300000111000001120000011300000121000001220000012300000131000001320
3000002010000020200000203000002110000021200000213000002210000022200000223000002310000023200000233000003010000030200000303000003110000031200000313000003210000032
3000003310000033200000333000010010000100200001003000010110000101200001013000010210000102200001023000010310000103200001033000011010000110200001103000011110000111
0010210000102200001023000010310000103200001033000011010000110200001103000011110000111200001113000011210000112200001123000011310000113200001133000012010000120200
0303000003110000031200000313000003210000032200000323000003310000033200000333000010010000100200001003000010110000101200001013000010210000102200001023000010310000
1000002220000022300000231000002320000023300000301000003020000030300000311000003120000031300000321000003220000032300000331000003320000033300001001000010020000100
0120000001300000021000000220000002300000031000000320000003300000101000001020000010300000111000001120000011300000121000001220000012300000131000001320000013300000
2200000123000001310000013200000133000002010000020200000203000002110000021200000213000002210000022200000223000002310000023200000233000003010000030200000303000003
0000022000000230000003100000032000000330000010100000102000001030000011100000112000001130000012100000122000001230000013100000132000001330000020100000202000002030
0030000001100000012000000130000002100000022000000230000003100000032000000330000010100000102000001030000011100000112000001130000012100000122000001230000013100000
0023300000301000003020000030300000311000003120000031300000321000003220000032300000331000003320000033300001001000010020000100300001011000010120000101300001021000
2000001230000013100000132000001330000020100000202000002030000021100000212000002130000022100000222000002230000023100000232000002330000030100000302000003030000031
0000101000001020000010300000111000001120000011300000121000001220000012300000131000001320000013300000201000002020000020300000211000002120000021300000221000002220
3100000132000001330000020100000202000002030000021100000212000002130000022100000222000002230000023100000232000002330000030100000302000003030000031100000312000003
2300000331000003320000033300001001000010020000100300001011000010120000101300001021000010220000102300001031000010320000103300001101000011020000110300001111000011
2300000131000001320000013300000201000002020000020300000211000002120000021300000221000002220000022300000231000002320000023300000301000003020000030300000311000003
0000122000001230000013100000132000001330000020100000202000002030000021100000212000002130000022100000222000002230000023100000232000002330000030100000302000003030
0002110000021200000213000002210000022200000223000002310000023200000233000003010000030200000303000003110000031200000313000003210000032200000323000003310000033200
0011030000111100001112000011130000112100001122000011230000113100001132000011330000120100001202000012030000121100001212000012130000122100001222000012230000123100
0000011200000113000001210000012200000123000001310000013200000133000002010000020200000203000002110000021200000213000002210000022200000223000002310000023200000233
0003010000030200000303000003110000031200000313000003210000032200000323000003310000033200000333000010010000100200001003000010110000101200001013000010210000102200
0012200000123000001310000013200000133000002010000020200000203000002110000021200000213000002210000022200000223000002310000023200000233000003010000030200000303000
0000203000002110000021200000213000002210000022200000223000002310000023200000233000003010000030200000303000003110000031200000313000003210000032200000323000003310
0222000002230000023100000232000002330000030100000302000003030000031100000312000003130000032100000322000003230000033100000332000003330000100100001002000010030000
1000010120000101300001021000010220000102300001031000010320000103300001101000011020000110300001111000011120000111300001121000011220000112300001131000011320000113
0003200000033000001010000010200000103000001110000011200000113000001210000012200000123000001310000013200000133000002010000020200000203000002110000021200000213000
2300001031000010320000103300001101000011020000110300001111000011120000111300001121000011220000112300001131000011320000113300001201000012020000120300001211000012
2300000031000000320000003300000101000001020000010300000111000001120000011300000121000001220000012300000131000001320000013300000201000002020000020300000211000002
2110000021200000213000002210000022200000223000002310000023200000233000003010000030200000303000003110000031200000313000003210000032200000323000003310000033200000
0200001003000010110000101200001013000010210000102200001023000010310000103200001033000011010000110200001103000011110000111200001113000011210000112200001123000011
0200000303000003110000031200000313000003210000032200000323000003310000033200000333000010010000100200001003000010110000101200001013000010210000102200001023000010
2100000222000002230000023100000232000002330000030100000302000003030000031100000312000003130000032100000322000003230000033100000332000003330000100100001002000010
0100300001011000010120000101300001021000010220000102300001031000010320000103300001101000011020000110300001111000011120000111300001121000011220000112300001131000
0002010000020200000203000002110000021200000213000002210000022200000223000002310000023200000233000003010000030200000303000003110000031200000313000003210000032200
1000002020000020300000211000002120000021300000221000002220000022300000231000002320000023300000301000003020000030300000311000003120000031300000321000003220000032
2130000022100000222000002230000023100000232000002330000030100000302000003030000031100000312000003130000032100000322000003230000033100000332000003330000100100001
0011010000110200001103000011110000111200001113000011210000112200001123000011310000113200001133000012010000120200001203000012110000121200001213000012210000122200
1000002320000023300000301000003020000030300000311000003120000031300000321000003220000032300000331000003320000033300001001000010020000100300001011000010120000101
3120000031300000321000003220000032300000331000003320000033300001001000010020000100300001011000010120000101300001021000010220000102300001031000010320000103300001
0001033000011010000110200001103000011110000111200001113000011210000112200001123000011310000113200001133000012010000120200001203000012110000121200001213000012210
0000010000000200000003000000110000001200000013000000210000002200000023000000310000003200000033000001010000010200000103000001110000011200000113000001210000012200
0000123000001310000013200000133000002010000020200000203000002110000021200000213000002210000022200000223000002310000023200000233000003010000030200000303000003110
0032300000331000003320000033300001001000010020000100300001011000010120000101300001021000010220000102300001031000010320000103300001101000011020000110300001111000
1120000011300000121000001220000012300000131000001320000013300000201000002020000020300000211000002120000021300000221000002220000022300000231000002320000023300000
0000332000003330000100100001002000010030000101100001012000010130000102100001022000010230000103100001032000010330000110100001102000011030000111100001112000011130
0000010200000103000001110000011200000113000001210000012200000123000001310000013200000133000002010000020200000203000002110000021200000213000002210000022200000223
0021300000221000002220000022300000231000002320000023300000301000003020000030300000311000003120000031300000321000003220000032300000331000003320000033300001001000
0000010100000102000001030000011100000112000001130000012100000122000001230000013100000132000001330000020100000202000002030000021100000212000002130000022100000222
0000101200001013000010210000102200001023000010310000103200001033000011010000110200001103000011110000111200001113000011210000112200001123000011310000113200001133
1000003020000030300000311000003120000031300000321000003220000032300000331000003320000033300001001000010020000100300001011000010120000101300001021000010220000102
0312000003130000032100000322000003230000033100000332000003330000100100001002000010030000101100001012000010130000102100001022000010230000103100001032000010330000
0003310000033200000333000010010000100200001003000010110000101200001013000010210000102200001023000010310000103200001033000011010000110200001103000011110000111200
0031200000313000003210000032200000323000003310000033200000333000010010000100200001003000010110000101200001013000010210000102200001023000010310000103200001033000
3000001310000013200000133000002010000020200000203000002110000021200000213000002210000022200000223000002310000023200000233000003010000030200000303000003110000031
0313000003210000032200000323000003310000033200000333000010010000100200001003000010110000101200001013000010210000102200001023000010310000103200001033000011010000
0000102300001031000010320000103300001101000011020000110300001111000011120000111300001121000011220000112300001131000011320000113300001201000012020000120300001211
1102000011030000111100001112000011130000112100001122000011230000113100001132000011330000120100001202000012030000121100001212000012130000122100001222000012230000
0203000002110000021200000213000002210000022200000223000002310000023200000233000003010000030200000303000003110000031200000313000003210000032200000323000003310000
0010310000103200001033000011010000110200001103000011110000111200001113000011210000112200001123000011310000113200001133000012010000120200001203000012110000121200
0000010300000111000001120000011300000121000001220000012300000131000001320000013300000201000002020000020300000211000002120000021300000221000002220000022300000231
1200000213000002210000022200000223000002310000023200000233000003010000030200000303000003110000031200000313000003210000032200000323000003310000033200000333000010
0020300000211000002120000021300000221000002220000022300000231000002320000023300000301000003020000030300000311000003120000031300000321000003220000032300000331000
1000000220000002300000031000000320000003300000101000001020000010300000111000001120000011300000121000001220000012300000131000001320000013300000201000002020000020
0223000002310000023200000233000003010000030200000303000003110000031200000313000003210000032200000323000003310000033200000333000010010000100200001003000010110000
0010130000102100001022000010230000103100001032000010330000110100001102000011030000111100001112000011130000112100001122000011230000113100001132000011330000120100
0023100000232000002330000030100000302000003030000031100000312000003130000032100000322000003230000033100000332000003330000100100001002000010030000101100001012000
0000001100000012000000130000002100000022000000230000003100000032000000330000010100000102000001030000011100000112000001130000012100000122000001230000013100000132
1200000313000003210000032200000323000003310000033200000333000010010000100200001003000010110000101200001013000010210000102200001023000010310000103200001033000011
3310000033200000333000010010000100200001003000010110000101200001013000010210000102200001023000010310000103200001033000011010000110200001103000011110000111200001
0013000000210000002200000023000000310000003200000033000001010000010200000103000001110000011200000113000001210000012200000123000001310000013200000133000002010000
0200000103000001110000011200000113000001210000012200000123000001310000013200000133000002010000020200000203000002110000021200000213000002210000022200000223000002
0000321000003220000032300000331000003320000033300001001000010020000100300001011000010120000101300001021000010220000102300001031000010320000103300001101000011020
0010100000102000001030000011100000112000001130000012100000122000001230000013100000132000001330000020100000202000002030000021100000212000002130000022100000222000
0000030000001100000012000000130000002100000022000000230000003100000032000000330000010100000102000001030000011100000112000001130000012100000122000001230000013100
0001230000013100000132000001330000020100000202000002030000021100000212000002130000022100000222000002230000023100000232000002330000030100000302000003030000031100
3130000032100000322000003230000033100000332000003330000100100001002000010030000101100001012000010130000102100001022000010230000103100001032000010330000110100001
1130000012100000122000001230000013100000132000001330000020100000202000002030000021100000212000002130000022100000222000002230000023100000232000002330000030100000
0000031200000313000003210000032200000323000003310000033200000333000010010000100200001003000010110000101200001013000010210000102200001023000010310000103200001033
0001210000012200000123000001310000013200000133000002010000020200000203000002110000021200000213000002210000022200000223000002310000023200000233000003010000030200
0002210000022200000223000002310000023200000233000003010000030200000303000003110000031200000313000003210000032200000323000003310000033200000333000010010000100200
0000000200000003000000110000001200000013000000210000002200000023000000310000003200000033000001010000010200000103000001110000011200000113000001210000012200000123
0000032000000330000010100000102000001030000011100000112000001130000012100000122000001230000013100000132000001330000020100000202000002030000021100000212000002130
1012000010130000102100001022000010230000103100001032000010330000110100001102000011030000111100001112000011130000112100001122000011230000113100001132000011330000
0000222000002230000023100000232000002330000030100000302000003030000031100000312000003130000032100000322000003230000033100000332000003330000100100001002000010030
0031300000321000003220000032300000331000003320000033300001001000010020000100300001011000010120000101300001021000010220000102300001031000010320000103300001101000
0000302000003030000031100000312000003130000032100000322000003230000033100000332000003330000100100001002000010030000101100001012000010130000102100001022000010230
0001200000013000000210000002200000023000000310000003200000033000001010000010200000103000001110000011200000113000001210000012200000123000001310000013200000133000
2200000223000002310000023200000233000003010000030200000303000003110000031200000313000003210000032200000323000003310000033200000333000010010000100200001003000010
3000003210000032200000323000003310000033200000333000010010000100200001003000010110000101200001013000010210000102200001023000010310000103200001033000011010000110
0003320000033300001001000010020000100300001011000010120000101300001021000010220000102300001031000010320000103300001101000011020000110300001111000011120000111300
0001023000010310000103200001033000011010000110200001103000011110000111200001113000011210000112200001123000011310000113200001133000012010000120200001203000012110
1101000011020000110300001111000011120000111300001121000011220000112300001131000011320000113300001201000012020000120300001211000012120000121300001221000012220000
0001030000011100000112000001130000012100000122000001230000013100000132000001330000020100000202000002030000021100000212000002130000022100000222000002230000023100
0132000001330000020100000202000002030000021100000212000002130000022100000222000002230000023100000232000002330000030100000302000003030000031100000312000003130000
1023000010310000103200001033000011010000110200001103000011110000111200001113000011210000112200001123000011310000113200001133000012010000120200001203000012110000
0121000001220000012300000131000001320000013300000201000002020000020300000211000002120000021300000221000002220000022300000231000002320000023300000301000003020000
0000330000010100000102000001030000011100000112000001130000012100000122000001230000013100000132000001330000020100000202000002030000021100000212000002130000022100
0000322000003230000033100000332000003330000100100001002000010030000101100001012000010130000102100001022000010230000103100001032000010330000110100001102000011030
0000100100001002000010030000101100001012000010130000102100001022000010230000103100001032000010330000110100001102000011030000111100001112000011130000112100001122
0002300000031000000320000003300000101000001020000010300000111000001120000011300000121000001220000012300000131000001320000013300000201000002020000020300000211000
0000023300000301000003020000030300000311000003120000031300000321000003220000032300000331000003320000033300001001000010020000100300001011000010120000101300001021
1000001020000010300000111000001120000011300000121000001220000012300000131000001320000013300000201000002020000020300000211000002120000021300000221000002220000022
0111000001120000011300000121000001220000012300000131000001320000013300000201000002020000020300000211000002120000021300000221000002220000022300000231000002320000
2000000030000001100000012000000130000002100000022000000230000003100000032000000330000010100000102000001030000011100000112000001130000012100000122000001230000013
0000300000011000000120000001300000021000000220000002300000031000000320000003300000101000001020000010300000111000001120000011300000121000001220000012300000131000
0000032200000323000003310000033200000333000010010000100200001003000010110000101200001013000010210000102200001023000010310000103200001033000011010000110200001103
1000010320000103300001101000011020000110300001111000011120000111300001121000011220000112300001131000011320000113300001201000012020000120300001211000012120000121
0000002200000023000000310000003200000033000001010000010200000103000001110000011200000113000001210000012200000123000001310000013200000133000002010000020200000203
0100000302000003030000031100000312000003130000032100000322000003230000033100000332000003330000100100001002000010030000101100001012000010130000102100001022000010
2000001330000020100000202000002030000021100000212000002130000022100000222000002230000023100000232000002330000030100000302000003030000031100000312000003130000032
0030300000311000003120000031300000321000003220000032300000331000003320000033300001001000010020000100300001011000010120000101300001021000010220000102300001031000
0000200000003000000110000001200000013000000210000002200000023000000310000003200000033000001010000010200000103000001110000011200000113000001210000012200000123000
0000103000001110000011200000113000001210000012200000123000001310000013200000133000002010000020200000203000002110000021200000213000002210000022200000223000002310
0000033000001010000010200000103000001110000011200000113000001210000012200000123000001310000013200000133000002010000020200000203000002110000021200000213000002210
0112000001130000012100000122000001230000013100000132000001330000020100000202000002030000021100000212000002130000022100000222000002230000023100000232000002330000
0000223000002310000023200000233000003010000030200000303000003110000031200000313000003210000032200000323000003310000033200000333000010010000100200001003000010110
0220000002300000031000000320000003300000101000001020000010300000111000001120000011300000121000001220000012300000131000001320000013300000201000002020000020300000
0000001000000020000000300000011000000120000001300000021000000220000002300000031000000320000003300000101000001020000010300000111000001120000011300000121000001220
1310000013200000133000002010000020200000203000002110000021200000213000002210000022200000223000002310000023200000233000003010000030200000303000003110000031200000
0010000100200001003000010110000101200001013000010210000102200001023000010310000103200001033000011010000110200001103000011110000111200001113000011210000112200001
3000001110000011200000113000001210000012200000123000001310000013200000133000002010000020200000203000002110000021200000213000002210000022200000223000002310000023
0110100001102000011030000111100001112000011130000112100001122000011230000113100001132000011330000120100001202000012030000121100001212000012130000122100001222000
0000002300000031000000320000003300000101000001020000010300000111000001120000011300000121000001220000012300000131000001320000013300000201000002020000020300000211
0000110200001103000011110000111200001113000011210000112200001123000011310000113200001133000012010000120200001203000012110000121200001213000012210000122200001223
0011100000112000001130000012100000122000001230000013100000132000001330000020100000202000002030000021100000212000002130000022100000222000002230000023100000232000
2200000023000000310000003200000033000001010000010200000103000001110000011200000113000001210000012200000123000001310000013200000133000002010000020200000203000002
1110000011200000113000001210000012200000123000001310000013200000133000002010000020200000203000002110000021200000213000002210000022200000223000002310000023200000
3330000100100001002000010030000101100001012000010130000102100001022000010230000103100001032000010330000110100001102000011030000111100001112000011130000112100001
2310000023200000233000003010000030200000303000003110000031200000313000003210000032200000323000003310000033200000333000010010000100200001003000010110000101200001
0010330000110100001102000011030000111100001112000011130000112100001122000011230000113100001132000011330000120100001202000012030000121100001212000012130000122100
0321000003220000032300000331000003320000033300001001000010020000100300001011000010120000101300001021000010220000102300001031000010320000103300001101000011020000
1220000012300000131000001320000013300000201000002020000020300000211000002120000021300000221000002220000022300000231000002320000023300000301000003020000030300000
0001032000010330000110100001102000011030000111100001112000011130000112100001122000011230000113100001132000011330000120100001202000012030000121100001212000012130
2210000022200000223000002310000023200000233000003010000030200000303000003110000031200000313000003210000032200000323000003310000033200000333000010010000100200001
0110000001200000013000000210000002200000023000000310000003200000033000001010000010200000103000001110000011200000113000001210000012200000123000001310000013200000
0221000002220000022300000231000002320000023300000301000003020000030300000311000003120000031300000321000003220000032300000331000003320000033300001001000010020000
1033000011010000110200001103000011110000111200001113000011210000112200001123000011310000113200001133000012010000120200001203000012110000121200001213000012210000
1230000013100000132000001330000020100000202000002030000021100000212000002130000022100000222000002230000023100000232000002330000030100000302000003030000031100000
0021200000213000002210000022200000223000002310000023200000233000003010000030200000303000003110000031200000313000003210000032200000323000003310000033200000333000
1100000112000001130000012100000122000001230000013100000132000001330000020100000202000002030000021100000212000002130000022100000222000002230000023100000232000002
2000001030000011100000112000001130000012100000122000001230000013100000132000001330000020100000202000002030000021100000212000002130000022100000222000002230000023
0000030200000303000003110000031200000313000003210000032200000323000003310000033200000333000010010000100200001003000010110000101200001013000010210000102200001023
1020000010300000111000001120000011300000121000001220000012300000131000001320000013300000201000002020000020300000211000002120000021300000221000002220000022300000
0000100000002000000030000001100000012000000130000002100000022000000230000003100000032000000330000010100000102000001030000011100000112000001130000012100000122000
0011200000113000001210000012200000123000001310000013200000133000002010000020200000203000002110000021200000213000002210000022200000223000002310000023200000233000
0002220000022300000231000002320000023300000301000003020000030300000311000003120000031300000321000003220000032300000331000003320000033300001001000010020000100300
0131000001320000013300000201000002020000020300000211000002120000021300000221000002220000022300000231000002320000023300000301000003020000030300000311000003120000
3200000233000003010000030200000303000003110000031200000313000003210000032200000323000003310000033200000333000010010000100200001003000010110000101200001013000010
0000002100000022000000230000003100000032000000330000010100000102000001030000011100000112000001130000012100000122000001230000013100000132000001330000020100000202
2020000020300000211000002120000021300000221000002220000022300000231000002320000023300000301000003020000030300000311000003120000031300000321000003220000032300000
3000010210000102200001023000010310000103200001033000011010000110200001103000011110000111200001113000011210000112200001123000011310000113200001133000012010000120
2000010030000101100001012000010130000102100001022000010230000103100001032000010330000110100001102000011030000111100001112000011130000112100001122000011230000113
3000010310000103200001033000011010000110200001103000011110000111200001113000011210000112200001123000011310000113200001133000012010000120200001203000012110000121
0032000000330000010100000102000001030000011100000112000001130000012100000122000001230000013100000132000001330000020100000202000002030000021100000212000002130000
0300001011000010120000101300001021000010220000102300001031000010320000103300001101000011020000110300001111000011120000111300001121000011220000112300001131000011
3020000030300000311000003120000031300000321000003220000032300000331000003320000033300001001000010020000100300001011000010120000101300001021000010220000102300001
0000031100000312000003130000032100000322000003230000033100000332000003330000100100001002000010030000101100001012000010130000102100001022000010230000103100001032
0113000001210000012200000123000001310000013200000133000002010000020200000203000002110000021200000213000002210000022200000223000002310000023200000233000003010000
0000020100000202000002030000021100000212000002130000022100000222000002230000023100000232000002330000030100000302000003030000031100000312000003130000032100000322
1100000212000002130000022100000222000002230000023100000232000002330000030100000302000003030000031100000312000003130000032100000322000003230000033100000332000003
0000030100000302000003030000031100000312000003130000032100000322000003230000033100000332000003330000100100001002000010030000101100001012000010130000102100001022
2000003030000031100000312000003130000032100000322000003230000033100000332000003330000100100001002000010030000101100001012000010130000102100001022000010230000103
0001300000021000000220000002300000031000000320000003300000101000001020000010300000111000001120000011300000121000001220000012300000131000001320000013300000201000
0102300001031000010320000103300001101000011020000110300001111000011120000111300001121000011220000112300001131000011320000113300001201000012020000120300001211000
0311000003120000031300000321000003220000032300000331000003320000033300001001000010020000100300001011000010120000101300001021000010220000102300001031000010320000
0210000102200001023000010310000103200001033000011010000110200001103000011110000111200001113000011210000112200001123000011310000113200001133000012010000120200001
0103000001110000011200000113000001210000012200000123000001310000013200000133000002010000020200000203000002110000021200000213000002210000022200000223000002310000
0000023000000310000003200000033000001010000010200000103000001110000011200000113000001210000012200000123000001310000013200000133000002010000020200000203000002110
2000000130000002100000022000000230000003100000032000000330000010100000102000001030000011100000112000001130000012100000122000001230000013100000132000001330000020
0213000002210000022200000223000002310000023200000233000003010000030200000303000003110000031200000313000003210000032200000323000003310000033200000333000010010000
0002030000021100000212000002130000022100000222000002230000023100000232000002330000030100000302000003030000031100000312000003130000032100000322000003230000033100
3300000201000002020000020300000211000002120000021300000221000002220000022300000231000002320000023300000301000003020000030300000311000003120000031300000321000003
3000003010000030200000303000003110000031200000313000003210000032200000323000003310000033200000333000010010000100200001003000010110000101200001013000010210000102
0330000010100000102000001030000011100000112000001130000012100000122000001230000013100000132000001330000020100000202000002030000021100000212000002130000022100000
0000021300000221000002220000022300000231000002320000023300000301000003020000030300000311000003120000031300000321000003220000032300000331000003320000033300001001
0232000002330000030100000302000003030000031100000312000003130000032100000322000003230000033100000332000003330000100100001002000010030000101100001012000010130000
3320000033300001001000010020000100300001011000010120000101300001021000010220000102300001031000010320000103300001101000011020000110300001111000011120000111300001
0000021000000220000002300000031000000320000003300000101000001020000010300000111000001120000011300000121000001220000012300000131000001320000013300000201000002020
0000102000001030000011100000112000001130000012100000122000001230000013100000132000001330000020100000202000002030000021100000212000002130000022100000222000002230
0000310000003200000033000001010000010200000103000001110000011200000113000001210000012200000123000001310000013200000133000002010000020200000203000002110000021200
1000001220000012300000131000001320000013300000201000002020000020300000211000002120000021300000221000002220000022300000231000002320000023300000301000003020000030
0000230000003100000032000000330000010100000102000001030000011100000112000001130000012100000122000001230000013100000132000001330000020100000202000002030000021100
1032000010330000110100001102000011030000111100001112000011130000112100001122000011230000113100001132000011330000120100001202000012030000121100001212000012130000
0000110100001102000011030000111100001112000011130000112100001122000011230000113100001132000011330000120100001202000012030000121100001212000012130000122100001222
0002000000030000001100000012000000130000002100000022000000230000003100000032000000330000010100000102000001030000011100000112000001130000012100000122000001230000
0000231000002320000023300000301000003020000030300000311000003120000031300000321000003220000032300000331000003320000033300001001000010020000100300001011000010120
0122000001230000013100000132000001330000020100000202000002030000021100000212000002130000022100000222000002230000023100000232000002330000030100000302000003030000
0011020000110300001111000011120000111300001121000011220000112300001131000011320000113300001201000012020000120300001211000012120000121300001221000012220000122300
0000103100001032000010330000110100001102000011030000111100001112000011130000112100001122000011230000113100001132000011330000120100001202000012030000121100001212
1100001012000010130000102100001022000010230000103100001032000010330000110100001102000011030000111100001112000011130000112100001122000011230000113100001132000011
3010000030200000303000003110000031200000313000003210000032200000323000003310000033200000333000010010000100200001003000010110000101200001013000010210000102200001
0101000001020000010300000111000001120000011300000121000001220000012300000131000001320000013300000201000002020000020300000211000002120000021300000221000002220000
3030000031100000312000003130000032100000322000003230000033100000332000003330000100100001002000010030000101100001012000010130000102100001022000010230000103100001
0000233000003010000030200000303000003110000031200000313000003210000032200000323000003310000033200000333000010010000100200001003000010110000101200001013000010210
0331000003320000033300001001000010020000100300001011000010120000101300001021000010220000102300001031000010320000103300001101000011020000110300001111000011120000
0101300001021000010220000102300001031000010320000103300001101000011020000110300001111000011120000111300001121000011220000112300001131000011320000113300001201000
0220000102300001031000010320000103300001101000011020000110300001111000011120000111300001121000011220000112300001131000011320000113300001201000012020000120300001
0000303000003110000031200000313000003210000032200000323000003310000033200000333000010010000100200001003000010110000101200001013000010210000102200001023000010310
2000010230000103100001032000010330000110100001102000011030000111100001112000011130000112100001122000011230000113100001132000011330000120100001202000012030000121
0002020000020300000211000002120000021300000221000002220000022300000231000002320000023300000301000003020000030300000311000003120000031300000321000003220000032300
0023200000233000003010000030200000303000003110000031200000313000003210000032200000323000003310000033200000333000010010000100200001003000010110000101200001013000
1000011020000110300001111000011120000111300001121000011220000112300001131000011320000113300001201000012020000120300001211000012120000121300001221000012220000122
0000211000002120000021300000221000002220000022300000231000002320000023300000301000003020000030300000311000003120000031300000321000003220000032300000331000003320
1000001120000011300000121000001220000012300000131000001320000013300000201000002020000020300000211000002120000021300000221000002220000022300000231000002320000023
0000213000002210000022200000223000002310000023200000233000003010000030200000303000003110000031200000313000003210000032200000323000003310000033200000333000010010
0000003200000033000001010000010200000103000001110000011200000113000001210000012200000123000001310000013200000133000002010000020200000203000002110000021200000213
0003230000033100000332000003330000100100001002000010030000101100001012000010130000102100001022000010230000103100001032000010330000110100001102000011030000111100
3000002210000022200000223000002310000023200000233000003010000030200000303000003110000031200000313000003210000032200000323000003310000033200000333000010010000100
0100200001003000010110000101200001013000010210000102200001023000010310000103200001033000011010000110200001103000011110000111200001113000011210000112200001123000
0000012200000123000001310000013200000133000002010000020200000203000002110000021200000213000002210000022200000223000002310000023200000233000003010000030200000303
0000030300000311000003120000031300000321000003220000032300000331000003320000033300001001000010020000100300001011000010120000101300001021000010220000102300001031
0001101000011020000110300001111000011120000111300001121000011220000112300001131000011320000113300001201000012020000120300001211000012120000121300001221000012220
3300000301000003020000030300000311000003120000031300000321000003220000032300000331000003320000033300001001000010020000100300001011000010120000101300001021000010
0000101100001012000010130000102100001022000010230000103100001032000010330000110100001102000011030000111100001112000011130000112100001122000011230000113100001132
0001031000010320000103300001101000011020000110300001111000011120000111300001121000011220000112300001131000011320000113300001201000012020000120300001211000012120
0000113000001210000012200000123000001310000013200000133000002010000020200000203000002110000021200000213000002210000022200000223000002310000023200000233000003010
3100000032000000330000010100000102000001030000011100000112000001130000012100000122000001230000013100000132000001330000020100000202000002030000021100000212000002
1300000221000002220000022300000231000002320000023300000301000003020000030300000311000003120000031300000321000003220000032300000331000003320000033300001001000010
0000102100001022000010230000103100001032000010330000110100001102000011030000111100001112000011130000112100001122000011230000113100001132000011330000120100001202
2300000231000002320000023300000301000003020000030300000311000003120000031300000321000003220000032300000331000003320000033300001001000010020000100300001011000010
0133000002010000020200000203000002110000021200000213000002210000022200000223000002310000023200000233000003010000030200000303000003110000031200000313000003210000
0000033200000333000010010000100200001003000010110000101200001013000010210000102200001023000010310000103200001033000011010000110200001103000011110000111200001113
0110000101200001013000010210000102200001023000010310000103200001033000011010000110200001103000011110000111200001113000011210000112200001123000011310000113200001
0322000003230000033100000332000003330000100100001002000010030000101100001012000010130000102100001022000010230000103100001032000010330000110100001102000011030000
0000131000001320000013300000201000002020000020300000211000002120000021300000221000002220000022300000231000002320000023300000301000003020000030300000311000003120
2000001130000012100000122000001230000013100000132000001330000020100000202000002030000021100000212000002130000022100000222000002230000023100000232000002330000030
0212000002130000022100000222000002230000023100000232000002330000030100000302000003030000031100000312000003130000032100000322000003230000033100000332000003330000
0030100000302000003030000031100000312000003130000032100000322000003230000033100000332000003330000100100001002000010030000101100001012000010130000102100001022000
0100001002000010030000101100001012000010130000102100001022000010230000103100001032000010330000110100001102000011030000111100001112000011130000112100001122000011
0000003000000110000001200000013000000210000002200000023000000310000003200000033000001010000010200000103000001110000011200000113000001210000012200000123000001310
0000111000001120000011300000121000001220000012300000131000001320000013300000201000002020000020300000211000002120000021300000221000002220000022300000231000002320
0000023100000232000002330000030100000302000003030000031100000312000003130000032100000322000003230000033100000332000003330000100100001002000010030000101100001012
0000013200000133000002010000020200000203000002110000021200000213000002210000022200000223000002310000023200000233000003010000030200000303000003110000031200000313
3000003110000031200000313000003210000032200000323000003310000033200000333000010010000100200001003000010110000101200001013000010210000102200001023000010310000103
0000032100000322000003230000033100000332000003330000100100001002000010030000101100001012000010130000102100001022000010230000103100001032000010330000110100001102
0130000102100001022000010230000103100001032000010330000110100001102000011030000111100001112000011130000112100001122000011230000113100001132000011330000120100001
0000020200000203000002110000021200000213000002210000022200000223000002310000023200000233000003010000030200000303000003110000031200000313000003210000032200000323
0003130000032100000322000003230000033100000332000003330000100100001002000010030000101100001012000010130000102100001022000010230000103100001032000010330000110100
2100000322000003230000033100000332000003330000100100001002000010030000101100001012000010130000102100001022000010230000103100001032000010330000110100001102000011
2200001023000010310000103200001033000011010000110200001103000011110000111200001113000011210000112200001123000011310000113200001133000012010000120200001203000012
3000002110000021200000213000002210000022200000223000002310000023200000233000003010000030200000303000003110000031200000313000003210000032200000323000003310000033
1100000312000003130000032100000322000003230000033100000332000003330000100100001002000010030000101100001012000010130000102100001022000010230000103100001032000010
0233000003010000030200000303000003110000031200000313000003210000032200000323000003310000033200000333000010010000100200001003000010110000101200001013000010210000
0001102000011030000111100001112000011130000112100001122000011230000113100001132000011330000120100001202000012030000121100001212000012130000122100001222000012230
3210000032200000323000003310000033200000333000010010000100200001003000010110000101200001013000010210000102200001023000010310000103200001033000011010000110200001
0033100000332000003330000100100001002000010030000101100001012000010130000102100001022000010230000103100001032000010330000110100001102000011030000111100001112000
3000002310000023200000233000003010000030200000303000003110000031200000313000003210000032200000323000003310000033200000333000010010000100200001003000010110000101
0100100001002000010030000101100001012000010130000102100001022000010230000103100001032000010330000110100001102000011030000111100001112000011130000112100001122000
1200001013000010210000102200001023000010310000103200001033000011010000110200001103000011110000111200001113000011210000112200001123000011310000113200001133000012
2000000330000010100000102000001030000011100000112000001130000012100000122000001230000013100000132000001330000020100000202000002030000021100000212000002130000022
0332000003330000100100001002000010030000101100001012000010130000102100001022000010230000103100001032000010330000110100001102000011030000111100001112000011130000
0001001000010020000100300001011000010120000101300001021000010220000102300001031000010320000103300001101000011020000110300001111000011120000111300001121000011220
0000013100000132000001330000020100000202000002030000021100000212000002130000022100000222000002230000023100000232000002330000030100000302000003030000031100000312
0210000002200000023000000310000003200000033000001010000010200000103000001110000011200000113000001210000012200000123000001310000013200000133000002010000020200000
3110000031200000313000003210000032200000323000003310000033200000333000010010000100200001003000010110000101200001013000010210000102200001023000010310000103200001
0000002000000030000001100000012000000130000002100000022000000230000003100000032000000330000010100000102000001030000011100000112000001130000012100000122000001230
0013200000133000002010000020200000203000002110000021200000213000002210000022200000223000002310000023200000233000003010000030200000303000003110000031200000313000
0000032300000331000003320000033300001001000010020000100300001011000010120000101300001021000010220000102300001031000010320000103300001101000011020000110300001111
0320000103300001101000011020000110300001111000011120000111300001121000011220000112300001131000011320000113300001201000012020000120300001211000012120000121300001
0000132000001330000020100000202000002030000021100000212000002130000022100000222000002230000023100000232000002330000030100000302000003030000031100000312000003130
0010020000100300001011000010120000101300001021000010220000102300001031000010320000103300001101000011020000110300001111000011120000111300001121000011220000112300
0001103000011110000111200001113000011210000112200001123000011310000113200001133000012010000120200001203000012110000121200001213000012210000122200001223000012310
0010110000101200001013000010210000102200001023000010310000103200001033000011010000110200001103000011110000111200001113000011210000112200001123000011310000113200
0330000110100001102000011030000111100001112000011130000112100001122000011230000113100001132000011330000120100001202000012030000121100001212000012130000122100001
0033000001010000010200000103000001110000011200000113000001210000012200000123000001310000013200000133000002010000020200000203000002110000021200000213000002210000
0000100300001011000010120000101300001021000010220000102300001031000010320000103300001101000011020000110300001111000011120000111300001121000011220000112300001131
0200000203000002110000021200000213000002210000022200000223000002310000023200000233000003010000030200000303000003110000031200000313000003210000032200000323000003
0000022200000223000002310000023200000233000003010000030200000303000003110000031200000313000003210000032200000323000003310000033200000333000010010000100200001003
0010010000100200001003000010110000101200001013000010210000102200001023000010310000103200001033000011010000110200001103000011110000111200001113000011210000112200
2000003230000033100000332000003330000100100001002000010030000101100001012000010130000102100001022000010230000103100001032000010330000110100001102000011030000111
0033300001001000010020000100300001011000010120000101300001021000010220000102300001031000010320000103300001101000011020000110300001111000011120000111300001121000
2000002030000021100000212000002130000022100000222000002230000023100000232000002330000030100000302000003030000031100000312000003130000032100000322000003230000033
2000010130000102100001022000010230000103100001032000010330000110100001102000011030000111100001112000011130000112100001122000011230000113100001132000011330000120
0000012100000122000001230000013100000132000001330000020100000202000002030000021100000212000002130000022100000222000002230000023100000232000002330000030100000302
0000013300000201000002020000020300000211000002120000021300000221000002220000022300000231000002320000023300000301000003020000030300000311000003120000031300000321
0000021200000213000002210000022200000223000002310000023200000233000003010000030200000303000003110000031200000313000003210000032200000323000003310000033200000333
1000003220000032300000331000003320000033300001001000010020000100300001011000010120000101300001021000010220000102300001031000010320000103300001101000011020000110
1003000010110000101200001013000010210000102200001023000010310000103200001033000011010000110200001103000011110000111200001113000011210000112200001123000011310000
1330000020100000202000002030000021100000212000002130000022100000222000002230000023100000232000002330000030100000302000003030000031100000312000003130000032100000
0000000010000000200000003000000110000001200000013000000210000002200000023000000310000003200000033000001010000010200000103000001110000011200000113000001210000012
2320000023300000301000003020000030300000311000003120000031300000321000003220000032300000331000003320000033300001001000010020000100300001011000010120000101300001
0000012000000130000002100000022000000230000003100000032000000330000010100000102000001030000011100000112000001130000012100000122000001230000013100000132000001330
0000003300000101000001020000010300000111000001120000011300000121000001220000012300000131000001320000013300000201000002020000020300000211000002120000021300000221
0031000000320000003300000101000001020000010300000111000001120000011300000121000001220000012300000131000001320000013300000201000002020000020300000211000002120000
0021100000212000002130000022100000222000002230000023100000232000002330000030100000302000003030000031100000312000003130000032100000322000003230000033100000332000
0123000001310000013200000133000002010000020200000203000002110000021200000213000002210000022200000223000002310000023200000233000003010000030200000303000003110000
0000033100000332000003330000100100001002000010030000101100001012000010130000102100001022000010230000103100001032000010330000110100001102000011030000111100001112
0000022300000231000002320000023300000301000003020000030300000311000003120000031300000321000003220000032300000331000003320000033300001001000010020000100300001011
0200001103000011110000111200001113000011210000112200001123000011310000113200001133000012010000120200001203000012110000121200001213000012210000122200001223000012
