00320101003201020032
32202030323020303310
23201021233010213020
11322331113231211132
3313023233210232■322
32200123323001233310
33330320321103203212
12331112131211121313
01213131012131320121
33103203332032033330
02102132021021330210
22233012223020122230
113210■0113220001132
20313220203132302031
2301120131011■013201
10230303202303033023
30012221100122212001
230020223100202■3200
21012223220122232301
13322332133223331332
2231010122320■012233
32002132330021■30100
03132122031321230313
02130102022101020222
3■101203101012032010
33033322110333221203
01331302013313030133
■0311101203112012031
13323001133310011333
0■311031033120310331
30031023■00310232003
13010212210102122201
30130210201302■03013
13112013131130131312
01132222011322230■13
13020131130301311311
31201210313012103210
20303321303033221030
20023310300233111002
0110303101103032■110
32201012323010123310
32122011321230113213
33302221023022210310
3133313031■332103133
33131003331320033313
32011211330112120201
31101202312012023130
13110302131111021311
31021013310220133102
10100223102002231030
102312001023130■1023
02211211022112120221
31322223213222233132
00012011000120120001
03033230030333100303
31313203313133033132
131203031■1303031321
013132310131323201■1
20021300200221002002
31121111311311113122
10110020101200201013
22123031221310312213
3200332■330033230100
32203130323031303310
33020203030202031102
11001011120010111300
0033202100■320220033
13333333222222223222
00003112000031130000
02231000022320000223
3331122■113112231221
32230220323102203■32
00312331003123320031
32320323323303233311
13012313210123132201
201301313■1301321013
03322331033223320332
12120300121211001212
33021001330220013302
30020032100200322002
20133200201333002020
02320322023203230232
00331033003311010033
13231022132320221323
02220031022300310231
30130131101301■12013
131■2133221121332311
00111112001111130011
20322301203231012032
12212321122123311221
31333133322221333222
11000321120003211300
03313100033132000331
01123122011231230112
30■23013100230132002
03110131031201310313
0■303321013033220130
320010213300102■0100
03311122033111230331
32001303330013100200
32111110321111203211
13102302131031021310
11130213112102131122
22010302230103023101
02233332022333330230
30233223102332232023
132003211330032■2010
13013222210132222201
03131100031312000313
33033330331033103320
30222032102220322022
22213110222131202221
22330230223303102233
02212013022130130222
21133333312121212131
33332000333330010010
2■030212211102122112
21310023213200232133
23222322332223232322
22102233222022332230
10002300200023003000
11122122111221231112
1321111113311■112121
30032321100323212003
23112201231123012311
21223122212321222123
10210230102103101021
11201210112012201120
30131213101312132013
13130222132102221322
10200110103001101110
11013110110131201101
13201113133011132020
321133033212110332■2
11010223120102231301
02011031030110311101
320311003203120■3203
23222302232231022322
01223001012310010123
12■22113122231131223
31320122313301223202
2132012221330■222202
01312321013123220131
13102212132022121330
12133121121331■11213
3023010■303101013032
22030132221101322212
313301133202011332■3
031330■0031330300313
32300101331■01013320
20321113303211211032
12103330121101301211
01103121011031220110
22222003222230032223
00320310003203200032
22121232231212323212
13210222132202221323
22030303230303033103
02113322021133230211
11231322112313231123
02223100022232000222
210103132201031■2301
30123200■01233003013
10312130103122101■31
301200223013■0223021
1301003313020033■303
12013120120131301201
21100020212000202130
20012201300122021001
11001112120011121300
001■3330002000200030
22201313223013132310
01322120013221300132
11310130113102■01131
31330111320201113203
333211013332120■3332
01323313013233210132
13221023132220231322
02311131023111320231
10002012200020123■00
22202123223021232310
222■3332223133322321
20012311300123121001
21130211212102112122
30■13313103133132031
02023212020■32130202
13201300132021001320
32231011322320113223
20121103301211102012
10000230200002303000
12122303121231031212
32011011330110120201
02210323022103310221
12010122130101222101
01310331013103320131
10230131103101311032
33220211332302113331
031110210■1120210311
12122322121223231212
11002330120023301300
21■11220211112302111
32003021330030220100
20002022300020231000
12211310122113201221
21231330212320302123
01301021021010210220
01020233010203020102
012033220120332■0120
2122210221■222022122
302210331022■0332022
30110022301200223013
13333131133332211333
20333311303333121033
20031003300310101003
01131203011312110113
10303212203032123030
10233003103010031030
0122201201223012012■
■3111223221112232311
11003220120032201300
3033■103303312033033
03120311031303110321
03032000030330000310
10300232111002321120
30322012303230123033
13132201131323011313
13313132222131322231
2■101122301011231010
12131022121320221213
11131013111320131113
312220003122300031■3
33031101330312013303
33103331332033313330
0313011303210113■322
32310032323200323233
211001■2212001122130
32113023321210233212
03000031110000311200
21232112212331122131
0010121100101212■010
22112332231123323211
32123101321232013212
33131332221313322313
10132103201321033013
12001233130012332100
030■0302110003021200
00213223002132310021
13132230131323101313
2130131■221013132220
■0311220203112302031
31200330313003303210
10100022102000221030
323310123233■0123233
10231031202310■13023
13210213132202131323
21100022212000222130
0132231201322■130132
00101300001021000010
01110303011103110111
03330110033301200333
10213032202130323021
12102232122022321230
2011013230110133101■
02120100021202000212
31022311320223113302
30021001300220013002
00303130003032100030
21322211213223112132
02300011031000110320
12301132131011321■20
1■213321122133311222
32322232333222332232
0302311003023120030■
11212011112130111122
3211110■321112003211
0001■102000101030001
32010301330103020201
32030113321101133212
32121323331213312212
22101020222010■02230
33012103020121030301
03232212032322130323
33302323031023230320
■0112012101120122011
02301231031012310320
10230333202303333023
01322130013222100132
13220020132300201331
01302202013022030130
13132312131332121313
10302331111023311120
31100321312003213130
33110220331202203313
01210021012200210123
31103300311101003111
33132213221323132■13
30002101100021012000
333212■3333313131313
1130131312101313■220
00321320003213300032
13032303130331031303
00020020000200300002
33203233333033033110
12311000123120001231
■2122010321230103213
02132101021322010213
13031002130320021303
33211312333113131221
33001113010011130200
33332033333331111111
2103122322031■232303
3330122■013012210210
21313032213210322132
032331230323313103■3
01230133012302020123
31002102320021023300
2123032021230330212■
21101001211020012110
31311113322111133231
12112002121130021212
00330211003302120033
31001311320013113300
12000331130003312100
201232333012330■3012
22023111230231113102
31012132320121323301
03002133110021331200
03123213031232210312
13303112211031122120
01012223010122310101
00212300002131000021
2111310■211132022111
03031313030313210303
00133131001331320013
1031132■203113223031
11030131111101311112
02202213022022210220
33113023331210233312
2010120■201013002010
13121031131220311312
11002313120023131300
23211022232120222321
13332021133330212021
01202301012031010120
■3232312332332123323
03230222033102220332
11302021121020211220
10120310101203201012
■2021103230211033102
01300333021003330220
23322123233231232333
12031301120321011203
21131003211320032113
1■012222200122223001
33000201010002010200
023230300232■1100232
30232212102322122023
31020321■20203213302
30211313102113132021
00311330003120100031
31122011311230113113
31113330311203203112
203232233032■2311032
30030120100301202003
13121012131220121312
21033120210331302103
11112223111122321111
32202333323023333310
01220022012300220131
12020002120300021211
01012201010123010101
30300201311002013120
32330121330201213303
01212210012122200121
10210113102201131023
21001032220010322300
13330112201201122013
22020130220301302211
11332211113323■11133
11212112■12131121122
32120311321303113221
302033■2102033022020
101100■0101200101013
32033022321030223211
■3313212033132130331
30312322103123222031
21010131220101312301
11112002111130021112
12103302121103021211
00310203003102110031
22003100220032002200
12323030123231101232
01330300013311000133
13110013131200131313
31113132211131323111
13202122133021222030
12020001120300011211
01311212013112130131
033110030331200303■1
0231313002313■100231
02333002030030020301
20231031302310321023
312331313123313■2123
03212310032123200321
211332032113330321■0
02332022023330■20302
20321111303211121032
0112112001■211300112
10311■31203111313031
00201232002012330020
22120210221302102221
32302303331023033320
01■22132012221330122
33131220331312303313
21220110212301102131
11213113■12131221121
1310211213202112133■
23302021303020213110
23■13131321131313311
30000203100002032000
20331120203311302033
00030300000311000003
31103210311032203110
20231003202320032023
21131321311313222113
30213203102132032021
23231011232320112323
11013000110210001102
300332031003320■2003
03010■20030103300301
21113132311131332111
3102322032023220■302
30303333103033332030
10332201103323011033
20101123301011302010
02013010020130200201
13331223212312232132
13230310132303201323
1100030312000■031300
1032■331203223313032
23113233321132333311
01320322013203230132
13120021131300211321
20130121202101212022
33022132030221321102
03333221033332220333
00000231000002320000
23321103233212032332
23032211310322113203
23113213321132133311
00010000000200000003
13■01323133013232020
00033133000332010003
10202033202020333020
11030321120303211303
21312022213130222132
23123132321231323312
01122003011230030113
20131101201■12012013
23013000230210002302
021230320212303302■2
31100111312001113130
11210301112111011121
01102333011030120110
21310021213200212133
01222312012223130122
111132021111330■1112
30202331102023312020
23130100231302002313
1303021113110211■312
13333233133333221333
23233002233010022330
00132021001320220013
21322221213222312132
20201332203013322110
31003033320030333300
32131022321320223213
00111313001113210011
32233110322331203223
02300020031000200320
221211■3221212032212
01322303013223110132
30313321103133212■31
23222131232222212322
32021213330212202202
10203200102033001021
33312303333131033331
21332233313323222133
01120231011202320112
03122323031223310312
21112112311121132111
03102211032022110330
20210103202201032023
00300001011000010120
30022322100223222002
33002331010023310■00
30333101303332013033
31103230311033103110
22232323222323332223
11000333120003331300
