01030000011100000112
33200000333000010010
20000032300000331000
00000103000001110000
00011020000110300001
20000110300001111000
02330000030100000302
00000332000003330000
31000001320000013300
00200001003000010110
00233000003010000030
00103000001110000011
01011000010120000101
10020000100300001011
30000021100000212000
11000010120000101300
03230000033100000332
00001220000012300000
10000013200000133000
00003230000033100000
00000302000003030000
11000000120000001300
00000233000003010000
00002000000030000001
00011100000112000001
00212000002130000022
30000011100000112000
13000010210000102200
02000001030000011100
00031000000320000003
03220000032300000331
00300001011000010120
00132000001330000020
20000102300001031000
01110000011200000113
02230000023100000232
33100000332000003330
00002310000023200000
00000100000002000000
00313000003210000032
00010000000200000003
00120000001300000021
21000010220000102300
00003000000110000001
00111000001120000011
02120000021300000221
00000333000010010000
00010020000100300001
00001020000010300000
00031300000321000003
00000013000000210000
10210000102200001023
32300000331000003320
01020000010300000111
00323000003310000033
22200000223000002310
00122000001230000013
00001011000010120000
00103300001101000011
00000213000002210000
21300000221000002220
30100000302000003030
32100000322000003230
22100000222000002230
10000001200000013000
00001310000013200000
00003100000032000000
02310000023200000233
10230000103100001032
00000110000001200000
00001210000012200000
00001023000010310000
33000002010000020200
31000002320000023300
00102200001023000010
00110200001103000011
00000112000001130000
02030000021100000212
00010210000102200001
00000203000002110000
31100000312000003130
00002100000022000000
00033300001001000010
01102000011030000111
01200000013000000210
01003000010110000101
00000010000000200000
01000003020000030300
00000303000003110000
00303000003110000031
23300000301000003020
00101200001013000010
30000102100001022000
10030000101100001012
00002320000023300000
00002200000023000000
00101100001012000010
21000001220000012300
33000001010000010200
00102000001030000011
30000023100000232000
00000201000002020000
11020000110300001111
03300000101000001020
00001230000013100000
30000002100000022000
12200000123000001310
00011030000111100001
02300000031000000320
00102300001031000010
12000001130000012100
01023000010310000103
00001003000010110000
01013000010210000102
00001030000011100000
10000100200001003000
10000103200001033000
00000313000003210000
00003020000030300000
32000000330000010100
00003120000031300000
13000003210000032200
21000002220000022300
10000101200001013000
31000003320000033300
00310000003200000033
00001120000011300000
00031200000313000003
00000132000001330000
00021000000220000002
01130000012100000122
03210000032200000323
02220000022300000231
03300001101000011020
00000202000002030000
00010230000103100001
32000010330000110100
01021000010220000102
00230000003100000032
20300000211000002120
00001101000011020000
00001021000010220000
00000011000000120000
00002130000022100000
00000220000002300000
00003010000030200000
00011000000120000001
00000133000002010000
00022100000222000002
10200000103000001110
00032300000331000003
01200001013000010210
01000011020000110300
10000020200000203000
00002230000023100000
20000100300001011000
10000010200000103000
00001022000010230000
23200000233000003010
21100000212000002130
01001000010020000100
03100000032000000330
10000022200000223000
02200001023000010310
33300001001000010020
21000003220000032300
00320000003300000101
10000030200000303000
00000200000003000000
10100000102000001030
21000000220000002300
01320000013300000201
00100001002000010030
00333000010010000100
20000001300000021000
10200001103000011110
00002120000021300000
00101000001020000010
22000001230000013100
00000210000002200000
00000023000000310000
00013000000210000002
00000301000003020000
10000000200000003000
30000010100000102000
00001013000010210000
30000003100000032000
10300000111000001120
00003030000031100000
00010310000103200001
00110100001102000011
00012100000122000001
30000033100000332000
00011300000121000001
03310000033200000333
00321000003220000032
31000000320000003300
00001033000011010000
00001010000010200000
00102100001022000010
01100001012000010130
20000010300000111000
00020100000202000002
00000311000003120000
00002110000021200000
11200000113000001210
00021300000221000002
00022000000230000003
00012000000130000002
00033100000332000003
10310000103200001033
03200001033000011010
03020000030300000311
00000002000000030000
13000002210000022200
00000231000002320000
00000001000000020000
01000002020000020300
22300000231000002320
01230000013100000132
00001130000012100000
23000010310000103200
32000003330000100100
00101300001021000010
01000010020000100300
00010200000103000001
00002300000031000000
00000033000001010000
00023100000232000002
00121000001220000012
00011200000113000001
02000000030000001100
00000020000000300000
00001031000010320000
00103100001032000010
00010220000102300001
00000320000003300000
00000211000002120000
02010000020200000203
30300000311000003120
00012300000131000001
02110000021200000213
00000131000001320000
00032200000323000003
00213000002210000022
10000021200000213000
10320000103300001101
20000033300001001000
00123000001310000013
00002210000022200000
20200000203000002110
13000000210000002200
10220000102300001031
00031100000312000003
10130000102100001022
20000011300000121000
00000330000010100000
00010130000102100001
30000100100001002000
01101000011020000110
23000002310000023200
02100000022000000230
00022200000223000002
02300001031000010320
30000030100000302000
00001330000020100000
23100000232000002330
30000022100000222000
00000021000000220000
03130000032100000322
13200000133000002010
02000011030000111100
00010320000103300001
00021200000213000002
20000101300001021000
00013200000133000002
20000013300000201000
33000003010000030200
03320000033300001001
00032000000330000010
00311000003120000031
12100000122000001230
23000003310000033200
00011010000110200001
00000221000002220000
12300000131000001320
01010000010200000103
22000000230000003100
00033200000333000010
00010330000110100001
00000031000000320000
02200000023000000310
30000020100000202000
00020200000203000002
00133000002010000020
00000323000003310000
03000001110000011200
30000110100001102000
00021100000212000002
32000001330000020100
03200000033000001010
00003210000032200000
23000001310000013200
10110000101200001013
00312000003130000032
10000002200000023000
00000022000000230000
00302000003030000031
11000001120000011300
20000023300000301000
00000130000002100000
20000021300000221000
00300000011000000120
00130000002100000022
00003110000031200000
00030100000302000003
00000300000011000000
00002330000030100000
02100001022000010230
03010000030200000303
00033000001010000010
00000223000002310000
22000003230000033100
00003320000033300001
20000031300000321000
00001000000020000000
00210000002200000023
00023200000233000003
01310000013200000133
10010000100200001003
01210000012200000123
11300000121000001220
20000022300000231000
00200000003000000110
10120000101300001021
01022000010230000103
03000000110000001200
20000002300000031000
01300001021000010220
00000003000000110000
31200000313000003210
03000003110000031200
13000001210000012200
00110300001111000011
30000031100000312000
00002020000020300000
10330000110100001102
00030000001100000012
00003200000033000001
00222000002230000023
00022300000231000002
12000010130000102100
03000002110000021200
31300000321000003220
00103200001033000011
00030200000303000003
00000322000003230000
00003310000033200000
01120000011300000121
00000123000001310000
00001032000010330000
00000121000001220000
00220000002300000031
00330000010100000102
00211000002120000021
11100000112000001130
00002010000020200000
00301000003020000030
00000030000001100000
00000321000003220000
30000032100000322000
30200000303000003110
10100001102000011030
31000010320000103300
00010110000101200001
00001110000011200000
00001320000013300000
10000032200000323000
01000001020000010300
01002000010030000101
00001012000010130000
00112000001130000012
00010300000111000001
01300000021000000220
00201000002020000020
02000003030000031100
00000111000001120000
20000020300000211000
22000010230000103100
10000003200000033000
10000012200000123000
01031000010320000103
20000000300000011000
00001102000011030000
11000002120000021300
02020000020300000211
32000002330000030100
20000030300000311000
02130000022100000222
00012200000123000001
00332000003330000100
01100000012000000130
03030000031100000312
00000101000001020000
02320000023300000301
00113000001210000012
00000120000001300000
12000000130000002100
10000033200000333000
10000110200001103000
00010010000100200001
00001100000012000000
00010030000101100001
00003130000032100000
00003220000032300000
10000023200000233000
00331000003320000033
00202000002030000021
10000031200000313000
00013100000132000001
00110000001200000013
00003330000100100001
00000222000002230000
10000102200001023000
21200000213000002210
03120000031300000321
00322000003230000033
03000010110000101200
02210000022200000223
30000013100000132000
23000000310000003200
33000010010000100200
00023000000310000003
02000010030000101100
01032000010330000110
00010120000101300001
00001103000011110000
01330000020100000202
03100001032000010330
00131000001320000013
00223000002310000023
20100000202000002030
00032100000322000003
00030300000311000003
00000032000000330000
01012000010130000102
00000312000003130000
00002220000022300000
00000122000001230000
00020000000300000011
30000001100000012000
00000310000003200000
03330000100100001002
22000002230000023100
10000011200000113000
00000012000000130000
00000000100000002000
01033000011010000110
02000002030000021100
00221000002220000022
00000113000001210000
30000101100001012000
00000232000002330000
12000002130000022100
00000212000002130000
00232000002330000030
00003300000101000001
20000103300001101000
20000003300000101000
00203000002110000021
33000011010000110200
20000012300000131000
00100100001002000010
00023300000301000003
01220000012300000131
00001200000013000000
11000003120000031300
13300000201000002020
00002030000021100000
00100300001011000010
30000103100001032000
12000003130000032100
00231000002320000023
11010000110200001103
13100000132000001330
00000331000003320000
00013300000201000002
00001001000010020000
32200000323000003310
00010100000102000001
00000230000003100000
00100200001003000010
00001300000021000000
00000102000001030000
00100000002000000030
03110000031200000313
00020300000211000002
01000000020000000300
30000012100000122000
00001002000010030000
