00320101003201020032
32202030323020303310
23201021233010213020
11322331113231211132
33130232332102323322
32200123323001233310
33330320321103203212
12331112131211121313
01213131012131320121
33103203332032033330
02102132021021330210
22233012223020122230
11321000113220001132
20313220203132302031
23011201310112013201
10230303202303033023
30012221100122212001
23002022310020223200
21012223220122232301
13322332133223331332
22310101223201012233
32002132330021330100
03132122031321230313
02130102022101020222
30101203101012032010
33033322110333221203
01331302013313030133
20311101203112012031
13323001133310011333
03311031033120310331
30031023100310232003
13010212210102122201
30130210201302103013
13112013131130131312
01132222011322230113
13020131130301311311
31201210313012103210
20303321303033221030
20023310300233111002
01103031011030320110
32201012323010123310
32122011321230113213
33302221023022210310
31333130313332103133
33131003331320033313
32011211330112120201
31101202312012023130
13110302131111021311
31021013310220133102
10100223102002231030
10231200102313001023
02211211022112120221
31322223213222233132
00012011000120120001
03033230030333100303
31313203313133033132
13120303131303031321
01313231013132320131
20021300200221002002
31121111311311113122
10110020101200201013
22123031221310312213
32003322330033230100
32203130323031303310
33020203030202031102
11001011120010111300
00332021003320220033
13333333222222223222
00003112000031130000
02231000022320000223
33311223113112231221
32230220323102203232
00312331003123320031
32320323323303233311
13012313210123132201
20130131301301321013
03322331033223320332
12120300121211001212
33021001330220013302
30020032100200322002
20133200201333002020
02320322023203230232
00331033003311010033
13231022132320221323
02220031022300310231
30130131101301312013
13112133221121332311
00111112001111130011
20322301203231012032
12212321122123311221
31333133322221333222
11000321120003211300
03313100033132000331
01123122011231230112
30023013100230132002
03110131031201310313
01303321013033220130
32001021330010220100
03311122033111230331
32001303330013100200
32111110321111203211
13102302131031021310
11130213112102131122
22010302230103023101
02233332022333330230
30233223102332232023
13200321133003212010
13013222210132222201
03131100031312000313
33033330331033103320
30222032102220322022
22213110222131202221
22330230223303102233
02212013022130130222
21133333312121212131
33332000333330010010
21030212211102122112
21310023213200232133
23222322332223232322
22102233222022332230
10002300200023003000
11122122111221231112
13211111133111112121
30032321100323212003
23112201231123012311
21223122212321222123
10210230102103101021
11201210112012201120
30131213101312132013
13130222132102221322
10200110103001101110
11013110110131201101
13201113133011132020
32113303321211033212
11010223120102231301
02011031030110311101
32031100320312003203
23222302232231022322
01223001012310010123
12222113122231131223
31320122313301223202
21320122213301222202
01312321013123220131
13102212132022121330
12133121121331311213
30230101303101013032
22030132221101322212
31330113320201133203
03133020031330300313
32300101331001013320
20321113303211211032
12103330121101301211
01103121011031220110
22222003222230032223
00320310003203200032
22121232231212323212
13210222132202221323
22030303230303033103
02113322021133230211
11231322112313231123
02223100022232000222
21010313220103132301
30123200301233003013
10312130103122101031
30120022301300223021
13010033130200331303
12013120120131301201
21100020212000202130
20012201300122021001
11001112120011121300
00133330002000200030
22201313223013132310
01322120013221300132
11310130113102101131
31330111320201113203
33321101333212013332
01323313013233210132
13221023132220231322
02311131023111320231
10002012200020123000
22202123223021232310
22213332223133322321
20012311300123121001
21130211212102112122
30313313103133132031
02023212020232130202
13201300132021001320
32231011322320113223
20121103301211102012
10000230200002303000
12122303121231031212
32011011330110120201
02210323022103310221
12010122130101222101
01310331013103320131
10230131103101311032
33220211332302113331
03111021031120210311
12122322121223231212
11002330120023301300
21111220211112302111
32003021330030220100
20002022300020231000
12211310122113201221
21231330212320302123
01301021021010210220
01020233010203020102
01203322012033230120
21222102212222022122
30221033102210332022
30110022301200223013
13333131133332211333
20333311303333121033
20031003300310101003
01131203011312110113
10303212203032123030
10233003103010031030
01222012012230120123
13111223221112232311
11003220120032201300
30331103303312033033
03120311031303110321
03032000030330000310
10300232111002321120
30322012303230123033
13132201131323011313
13313132222131322231
20101122301011231010
12131022121320221213
11131013111320131113
31222000312230003123
33031101330312013303
33103331332033313330
03130113032101130322
32310032323200323233
21100112212001122130
32113023321210233212
03000031110000311200
21232112212331122131
00101211001012120010
22112332231123323211
32123101321232013212
33131332221313322313
10132103201321033013
12001233130012332100
03000302110003021200
00213223002132310021
13132230131323101313
21301313221013132220
20311220203112302031
31200330313003303210
10100022102000221030
32331012323320123233
10231031202310313023
13210213132202131323
21100022212000222130
01322312013223130132
00101300001021000010
01110303011103110111
03330110033301200333
10213032202130323021
12102232122022321230
20110132301101331011
02120100021202000212
31022311320223113302
30021001300220013002
00303130003032100030
21322211213223112132
02300011031000110320
12301132131011321320
12213321122133311222
32322232333222332232
03023110030231200302
11212011112130111122
32111100321112003211
00010102000101030001
32010301330103020201
32030113321101133212
32121323331213312212
22101020222010202230
33012103020121030301
03232212032322130323
33302323031023230320
30112012101120122011
02301231031012310320
10230333202303333023
01322130013222100132
13220020132300201331
01302202013022030130
13132312131332121313
10302331111023311120
31100321312003213130
33110220331202203313
01210021012200210123
31103300311101003111
33132213221323132213
30002101100021012000
33321233333313131313
11301313121013131220
00321320003213300032
13032303130331031303
00020020000200300002
33203233333033033110
12311000123120001231
32122010321230103213
02132101021322010213
13031002130320021303
33211312333113131221
33001113010011130200
33332033333331111111
21031223220312232303
33301221013012210210
21313032213210322132
03233123032331310323
01230133012302020123
31002102320021023300
21230320212303302123
21101001211020012110
31311113322111133231
12112002121130021212
00330211003302120033
31001311320013113300
12000331130003312100
20123233301233013012
22023111230231113102
31012132320121323301
03002133110021331200
03123213031232210312
13303112211031122120
01012223010122310101
00212300002131000021
21113102211132022111
03031313030313210303
00133131001331320013
10311322203113223031
11030131111101311112
02202213022022210220
33113023331210233312
20101200201013002010
13121031131220311312
11002313120023131300
23211022232120222321
13332021133330212021
01202301012031010120
33232312332332123323
03230222033102220332
11302021121020211220
10120310101203201012
22021103230211033102
01300333021003330220
23322123233231232333
12031301120321011203
21131003211320032113
10012222200122223001
33000201010002010200
02323030023231100232
30232212102322122023
31020321320203213302
30211313102113132021
00311330003120100031
31122011311230113113
31113330311203203112
20323223303232311032
30030120100301202003
13121012131220121312
21033120210331302103
11112223111122321111
32202333323023333310
01220022012300220131
12020002120300021211
01012201010123010101
30300201311002013120
32330121330201213303
01212210012122200121
10210113102201131023
21001032220010322300
13330112201201122013
22020130220301302211
11332211113323111133
11212112112131121122
32120311321303113221
30203302102033022020
10110010101200101013
32033022321030223211
03313212033132130331
30312322103123222031
21010131220101312301
11112002111130021112
12103302121103021211
00310203003102110031
22003100220032002200
12323030123231101232
01330300013311000133
13110013131200131313
31113132211131323111
13202122133021222030
12020001120300011211
01311212013112130131
03311003033120030331
02313130023132100231
02333002030030020301
20231031302310321023
31233131312331322123
03212310032123200321
21133203211333032120
02332022023330220302
20321111303211121032
01121120011211300112
10311131203111313031
00201232002012330020
22120210221302102221
32302303331023033320
01222132012221330122
33131220331312303313
21220110212301102131
11213113112131221121
13102112132021121330
23302021303020213110
23113131321131313311
30000203100002032000
20331120203311302033
00030300000311000003
31103210311032203110
20231003202320032023
21131321311313222113
30213203102132032021
23231011232320112323
11013000110210001102
30033203100332032003
03010320030103300301
21113132311131332111
31023220320232203302
30303333103033332030
10332201103323011033
20101123301011302010
02013010020130200201
13331223212312232132
13230310132303201323
11000303120003031300
10322331203223313032
23113233321132333311
01320322013203230132
13120021131300211321
20130121202101212022
33022132030221321102
03333221033332220333
00000231000002320000
23321103233212032332
23032211310322113203
23113213321132133311
00010000000200000003
13201323133013232020
00033133000332010003
10202033202020333020
11030321120303211303
21312022213130222132
23123132321231323312
01122003011230030113
20131101201312012013
23013000230210002302
02123032021230330212
31100111312001113130
11210301112111011121
01102333011030120110
21310021213200212133
01222312012223130122
11113202111133021112
30202331102023312020
23130100231302002313
13030211131102111312
13333233133333221333
23233002233010022330
00132021001320220013
21322221213222312132
20201332203013322110
31003033320030333300
32131022321320223213
00111313001113210011
32233110322331203223
02300020031000200320
22121103221212032212
01322303013223110132
30313321103133212031
23222131232222212322
32021213330212202202
10203200102033001021
33312303333131033331
21332233313323222133
01120231011202320112
03122323031223310312
21112112311121132111
03102211032022110330
20210103202201032023
00300001011000010120
30022322100223222002
33002331010023310200
30333101303332013033
31103230311033103110
22232323222323332223
11000333120003331300
