02311102023112020231130202312102023122020231230202313102023132020231330202320302
03021000030220000302300003031000030320000303300003101000031020000310300003111000
32313323332133233331333133322221333222313332232133322331333232213332323133323321
32021000320220003202300032031000320320003203300032101000321020003210300032111000
03032303030331030303320303033303031031030310320303103303031111030311120303111303
32100331322003313230033133100331332003313330033201100332012003320130033202100332
21212332312123332121233331213121312221213122312131232121312331213131312131322121
10011232200112323001123310011233200112333001130020011300300113011001130120011301
31301130321011303220113032301130331011303320113033301131012011310130113102101131
30003023100030232000302330003030100030302000303030003031100030312000303130003032
33332031333330320321103203212032032130320322103203222032032230320323103203232032
23013323310133233201332333013330210133302201333023013330310133303201333033013331
12332313123323221233232312332332123323331233313212333133123332131233322212333223
23022211310222113202221133022212030222121102221212022212130222122102221222022212
03121030031211100312112003121130031212100312122003121230031213100312132003121330
02031101020312010203130102032101020322010203230102033101020332010203330102101101
32301320331013203320132033301321021013210220132102301321031013210320132103301321
22113003221210032212200322123003221310032213200322133003222010032220200322203003
11322322113223231132233211322333113231221132312311323132113231331132321211323213
02133312021333130213332102133322021333230213333102133332021333330220220302202211
20123031301230321012303220123032301230331012303320123033301231013012310210123102
03330120033301300333021003330220033302300333031003330320033303300333101003331020
01231110012311200123113001231210012312200123123001231310012313200123133001232010
30211312102113122021131230211313102113132021131330211320302113211021132120211321
00013001000130020001300300013011000130120001301300013021000130220001302300013031
03200021033000211010002110200021103000211110002111200021113000211210002112200021
00001021000010220000102300001031000010320000103300001101000011020000110300001111
33132000331330003320100033202000332030003321100033212000332130003322100033222000
21220220212202302122031021220320212203302122103021221110212211202122113021221210
31000223320002233300023001000230020002300300023011000230120002301300023021000230
13012131210121312201213123012131310121313201213133012132020121320301213211012132
31200011313000113210001132200011323000113310001133200011333000120010001200200012
03332330033330100333302003333030033331100333312003333130033332100333322003333230
13323003133310031333200313333003200320033003201010032010200320103003201110032011
22202000222030002221100022212000222130002222100022222000222230002223100022232000
02211321022113220221132302211331022113320221133302212023022120310221203202212033
02212332022123330221302302213031022130320221303302213103022131110221311202213113
00103222001032230010323100103232001032330010330100103302001033030010331100103312
31233200312333003130110031301200313013003130210031302200313023003130310031303200
01300133021001330220013302300133031001330320013303300133101001331020013310300133
02321222023212230232123102321232023212330232130302321311023213120232131302321321
01000330020003300300033011000330120003301300033021000330220003302300033031000330
02023303020233110202331202023313020233210202332202023323020233310202333202023333
21122112311221132112211331122121211221213112212221122122311221232112212331122131
30013222100132222001322230013223100132232001322330013230100132302001323030013231
30320303303303033111030331120303311303033121030331220303312303033131030331320303
11222132112221331122221211222213112222221122222311222232112222331122231211222313
13130110132101101322011013230110133101101332011013330110201201102013011020210110
02320321023203220232032302320331023203320232033302321031023210320232103302321103
12102222122022221230222213102222132022221330222220302222211022222120222221302222
12231311122322111223231112233211122333111231121112311311123122111231231112313211
13203313133033132110331321203313213033132210331322203313223033132310331323203313
31122230311223103112232031122330311231103112312031123130311232103112322031123230
00321202003212030032121100321212003212130032122100321222003212230032123100321232
31102133312021333130213332102133322021333230213333102133332021333330220220302202
00013302000133030001331100013312000133130001332100013322000133230001333100013332
10221002102220021022300210231002102320021023300210301002103020021030300210311002
33201110333011110120111101301111021011110220111102301111031011110320111103301111
03022310030223200302233003023010030230200302303003023110030231200302313003023210
30221003302220033022300330231003302320033023300330301003303020033030300330311003
23312113233131132332211323323113233321132333311331133121211331213113312221133122
10302033111020331120203311302033121020331220203312302033131020331320203313302033
22202201222023012220310122203201222033012221020122210301222111012221120122211301
00031123000311310003113200031133000312010003120200031203000312110003121200031213
10200311103003111110031111200311113003111210031112200311123003111310031113200311
23003020310030203200302033003021010030210200302103003021110030211200302113003021
01020103010201110102011201020113010201210102012201020123010201310102013201020133
13011202210112022201120223011202310112023201120233011203020112030301120311011203
10101010201010103010101110101011201010113010101210101012201010123010101310101013
30321002303220023032300230331002303320023033300231003002310110023101200231013002
31031123320311233303113032031130330311311103113112031131130311312103113122031131
10312203103123031031310310313203103133031032110310321203103213031032210310322203
22111101221112012211130122112101221122012211230122113101221132012211330122120201
20003320300033211000332120003321300033221000332220003322300033231000332320003323
10121020101210301012111010121120101211301012121010121220101212301012131010121320
23031131310311313203113133031132110311321203113213031132210311322203113223031132
33013021020130210301302111013021120130211301302121013021220130212301302131013021
10032201200322013003220210032202200322023003220310032203200322033003221010032210
33202101332022013320230133203101332032013320330133210201332103013321110133211201
11113312111133131111332211113323111133321111333311121112111311121122111211231112
30021023100210232002102330021030100210302002103030021031100210312002103130021032
00020101000201020002010300020111000201120002011300020121000201220002012300020131
21023200210233002103010021030200210303002103110021031200210313002103210021032200
02310132023201320233013203020132030301320311013203120132031301320321013203220132
13221123132311231332112313331123211311232122112321231123213211232133112322121123
33022303030223031102230312022303130223032102230322022303230223033102230332022303
32302101323022013230230132303101323032013230330132310201323103013231110132311201
30120212101202122012021230120213101202132012021330120220201202203012022110120221
10211030102111101021112010211130102112101021122010211230102113101021132010211330
21130300211311002113120021131300211321002113220021132300211331002113320021133300
13131132132211321323113213321132133311322122113221231132213211322133113222121132
21101032212010322130103222101032222010322230103223101032232010322330103230201032
22200033223000332310003323200033233000333010003330200033303000333110003331200033
33231330332321103323212033232130332322103323222033232230332323103323232033232330
03110221031202210313022103210221032202210323022103310221033202210333022110230221
12031120120311301203121012031220120312301203131012031320120313301203202012032030
33132110331321203313213033132210331322203313223033132310331323203313233033133110
21003223220032232300322331003223320032233300323011003230120032301300323021003230
10300211111002111120021111300211121002111220021112300211131002111320021113300211
02233203022332110223321202233213022332210223322202233223022332310223323202233233
33002022010020220200202203002022110020221200202213002022210020222200202223002022
11322222113222231132223211322233113223121132231311322322113223231132233211322333
20130132301301331013013320130133301302021013020220130202301302031013020320130203
31233301313021013130220131302301313031013130320131303301313102013131030131311101
11021301110221011102220111022301110231011102320111023301110302011103030111031101
20133120301331211013312120133121301331221013312220133122301331231013312320133123
32231323323213233233132333221323332313233332132333331331332213313323133133321331
22020132220301322211013222120132221301322221013222220132222301322231013222320132
12010131130101312101013122010131230101313101013132010131330101320201013203010132
11323103113232031132330311331103113312031133130311332103113322031133230311333103
32030222321102223212022232130222322102223222022232230222323102223232022232330222
33122002331230023313100233132002331330023320100233202002332030023321100233212002
33332021333330220220302202211022022120220221302202221022022220220222302202231022
01210231012102320121023301210302012103030121031101210312012103130121032101210322
32212002322130023222100232222002322230023223100232232002322330023230100232302002
20102302301023031010230320102303301023102010231030102311101023112010231130102312
23121003231220032312300323131003231320032313300323201003232020032320300323211003
33303033031030330320303303303033111030331120303311303033121030331220303312303033
21121200211213002112210021122200211223002112310021123200211233002113010021130200
12030020121100201212002012130020122100201222002012230020123100201232002012330020
31201122313011223210112232201122323011223310112233201122333011230120112301301123
33301013011010130120101301301013021010130220101302301013031010130320101303301013
03332033033330331033103320331033303311111033111120331111303311121033111220331112
33201122333011230120112301301123021011230220112302301123031011230320112303301123
00122013001220210012202200122023001220310012203200122033001221010012210200122103
33121213131212132212121323121213321212133312122122121221231212213212122133121222
00031332000313330003200100032002000320030003201100032012000320130003202100032022
20332302203331022033320220333302210221022202210223022102310221023202210233022103
30101120201011203010112110101121201011213010112210101122201011223010112310101123
32332223332322233333223223232232233322323233223233232232333322332233232322332333
23103203232032032330320331103203312032033130320332103203322032033230320333103203
13233030132331101323312013233130132332101323322013233230132333101323332013233330
03313123033131310331313203313133033132110331321203313213033132210331322203313223
02210210022102200221023002210310022103200221033002211010022110200221103002211110
31100311312003113130031132100311322003113230031133100311332003113330031201100312
01033120010331300103321001033220010332300103331001033320010333300110011001200110
03000301110003011200030113000301210003012200030123000301310003013200030133000302
02021021020210220202102302021031020210320202103302021103020211110202111202021113
20232333302330233030302330311023303120233031302330321023303220233032302330331023
00120011001300110021001100220011002300110031001100320011003300110101001101020011
30233130302331311023313120233131302331321023313220233132302331331023313320233133
23010221310102213201022133010222020102220301022211010222120102221301022221010222
31130223312102233122022331230223313102233132022331330223320302233211022332120223
33310010333200103333001100110012001100130011002100110022001100230011003100110032
00113211001132120011321300113221001132220011322300113231001132320011323300113301
23332123233331233123313131233132212331323123313321233133312332132123321331233221
13212322133123222131232222212322223123222321232223312322313123223221232232312322
12122302121231021212320212123302121303021213110212131202121313021213210212132202
00311021003110220031102300311031003110320031103300311101003111020031110300311111
11001133120011331300113321001133220011332300113331001133320011333300120012001300
20010112300101131001011320010113300101201001012020010120300101211001012120010121
31110311311203113113031131210311312203113123031131310311313203113133031132110311
23020103230301032311010323120103231301032321010323220103232301032331010323320103
31203332313033323210333232203332323033323310333233203332333033331110333311203333
30310323103103232031032330310331103103312031033130310332103103322031033230310333
32211121323111213321112133311122112111221131112212211122123111221321112213311122
22201300222021002220220022202300222031002220320022203300222101002221020022210300
10022011200220113002201210022012200220123002201310022013200220133002202010022020
22031032230310323103103232031032330310331103103312031033130310332103103322031033
13311032133120321331303213321032133220321332303213331032133320321333303220322032
23021301230221012302220123022301230231012302320123023301230302012303030123031101
02032011020330110210201102103011021110110211201102113011021210110212201102123011
00230010002300200023003000230110002301200023013000230210002302200023023000230310
33111031331120313311303133121031331220313312303133131031331320313313303133211031
23130022232100222322002223230022233100222332002223330022300300223011002230120022
03122201031223010312310103123201031233010313020103130301031311010313120103131301
00320212003202130032022100320222003202230032023100320232003202330032030100320302
30332220303322303033231030332320303323303033311030333120303331303033321030333220
13021332210213322202133223021332310213323202133233021333030213331102133312021333
12001303130013032100130322001303230013033100130332001303330013100200131003001310
32133133331332133213331332222213322223133222321332223313322322133223231332233213
13013213210132132201321323013213310132133201321333013220210132202201322023013220
22103221222032212230322123103221232032212330322131103221312032213130322132103221
03130001032100010322000103230001033100010332000103330001100100011002000110030001
22112231231122313211223133112232121122321311223222112232231122323211223233112233
01120120011201300112021001120220011202300112031001120320011203300112101001121020
21010112220101122301011231010112320101123301011302010113030101131101011312010113
00112132001121330011220100112202001122030011221100112212001122130011222100112222
31200131313001313210013132200131323001313310013133200131333001320020013200300132
23013220310132203201322033013221020132210301322111013221120132211301322121013221
03223110032231200322313003223210032232200322323003223310032233200322333003230110
20222100202222002022230020223100202232002022330020230100202302002023030020231100
31133110311331203113313031133210311332203113323031133310311333203113333031203120
10031030200310303003103110031031200310313003103210031032200310323003103310031033
32311223332112233331123112311321123113311231212112312131123122211231223112312321
12002303130023032100230322002303230023033100230332002303330023100300231011002310
12210320122103301221102012211030122111101221112012211130122112101221122012211230
32200332323003323310033233200332333003330110033301200333013003330210033302200333
11210133112201331123013311310133113201331133013312020133120301331211013312120133
22233210222332202223323022233310222333202223333022302230231022302320223023302230
11231220112312301123131011231320112313301123202011232030112321101123212011232130
10213011102210111022201110223011102310111023201110233011103020111030301110311011
10100121102001211030012111100121112001211130012112100121122001211230012113100121
03123332031233330313031303210313032203130323031303310313033203130333031310320313
22102023222020232230202323102023232020232330202330302023311020233120202331302023
03033011031020110310301103111011031120110311301103121011031220110312301103131011
00330132003301330033020100330202003302030033021100330212003302130033022100330222
30023222100232222002322230023223100232232002322330023230100232302002323030023231
32223233322233223222332332223332322233333223223232232233322323233223233232232333
22123001221310012213200122133001222010012220200122203001222110012221200122213001
10202123202021233020213030202131102021312020213130202132102021322020213230202133
23122220231222302312231023122320231223302312303023123110231231202312313023123210
11113011111210111112201111123011111310111113201111133011112020111120301111211011
01331332013313330133202101332022013320230133203101332032013320330133210201332103
32310023323200233233002333010023330200233303002333110023331200233313002333210023
21202030213020302210203022202030223020302310203023202030233020303030203031102030
33120103331301033321010333220103332301033331010333320103333301101102011011030110
20313110203131202031313020313210203132202031323020313310203133202031333020320210
23222123232231232323212323233123233131232332212323323123233321232333312331233131
30120102301301023021010230220102302301023031010230320102303301023102010231030102
01330330013310100133102001331030013311100133112001331130013312100133122001331230
03130302031311020313120203131302031321020313220203132302031331020313320203133302
20022230300222311002223120022231300222321002223220022232300222331002223320022233
01330222013302230133023101330232013302330133030201330303013303110133031201330313
21002003220020032300200331002003320020033300201003002010110020101200201013002010
13310321133203211333032120330321211103212112032121130321212103212122032121230321
03320111033301111012011110130111102101111022011110230111103101111032011110330111
23003133310031333200313333003200320033003201010032010200320103003201110032011200
11133221111332311113332111133331112111211131112112211121123111211321112113311121
10222003102230031023100310232003102330031030100310302003103030031031100310312003
02100222022002220230022203100222032002220330022210100222102002221030022211100222
02101030021011100210112002101130021012100210122002101230021013100210132002101330
31220012312300123131001231320012313300123201001232020012320300123211001232120012
31333200313333003200320033003201010032010200320103003201110032011200320113003201
01333321013333220133332301333331013333320133333302020202030202021102020212020202
12332013123330131302101313022013130230131303101313032013130330131310201313103013
21003201220032012300320131003201320032013300320201003202020032020300320211003202
01030230010303100103032001030330010310100103102001031030010311100103112001031130
30001311100013112000131130001312100013122000131230001313100013132000131330001320
33130000332100003322000033230000333100003332000033330001000100020001000300010011
13213102132132021321330213220302132211021322120213221302132221021322220213222302
31121123211211233112113121121131311211322112113231121133211211333112121131121212
01031120010311300103121001031220010312300103131001031320010313300103201001032020
11013330110201201102013011020210110202201102023011020310110203201102033011021020
10232211202322113023221210232212202322123023221310232213202322133023222030232221
22120020221300202221002022220020222300202231002022320020223300202301002023020020
21323313213322132133231321333213213333132213221323132213321322133313222133132222
21133211211333112121131121212211212123112121321121213311212212112122131121222211
13220002132300021331000213320002133300022001000220020002200300022011000220120002
11313222113132231131323211313233113133121131331311313322113133231131333211313333
03020000030300000311000003120000031300000321000003220000032300000331000003320000
22110210221202102213021022210210222202102223021022310210223202102233021023030210
20031000200320002003300020101000201020002010300020111000201120002011300020121000
13320223133302232023022320310223203202232033022321030223211102232112022321130223
33231010332320103323301033302010333030103331101033312010333130103332101033322010
02321303023213110232131202321313023213210232132202321323023213310232133202321333
12112102121122021211230212113102121132021211330212120302121211021212120212121302
00321022003210230032103100321032003210330032110100321102003211030032111100321112
01122003011230030113100301132003011330030120100301202003012030030121100301212003
32330320331103203312032033130320332103203322032033230320333103203332032033330321
30032033100320332003203330032101100321012003210130032102100321022003210230032103
31003002310110023101200231013002310210023102200231023002310310023103200231033002
12111020121110301211111012111120121111301211121012111220121112301211131012111320
23303323311033233120332331303323321033233220332332303323331033233320332333303330
13001312210013122200131223001312310013123200131233001313010013130200131303001313
11102030111021101110212011102130111022101110222011102230111023101110232011102330
03022212110222121202221213022212210222122202221223022212310222123202221233022213
22213122222221222222312222232122222331222231312222322122223231222233212222333122
00303020003030300030311000303120003031300030321000303220003032300030331000303320
33233320332333303330333111103331112033311130333112103331122033311230333113103331
10322110103221201032213010322210103222201032223010322310103223201032233010323020
32133000322010003220200032203000322110003221200032213000322210003222200032223000
31312101313122013131230131313101313132013131330131320201313203013132110131321201
11311022113120221131302211321022113220221132302211331022113320221133302212023022
12021121130211212102112122021121230211213102112132021121330211220302112211021122
13020303210203032202030323020303310203033202030333020310210203102202031023020310
02102301021031010210320102103301021102010211030102111101021112010211130102112101
03003212110032121200321213003212210032122200321223003212310032123200321233003213
02013203030132031101320312013203130132032101320322013203230132033101320332013203
10113300101201001012020010120300101211001012120010121300101221001012220010122300
30312200303123003031310030313200303133003032010030320200303203003032110030321200
32001221330012220100122202001222030012221100122212001222130012222100122222001222
11133210111332201113323011133310111333201113333011201120113011201210112012201120
20002100300021011000210120002101300021021000210220002102300021031000210320002103
21031113220311132303111331031113320311133303112032031120330311211103112112031121
21220033212300332131003321320033213300332201003322020033220300332211003322120033
20010320300103211001032120010321300103221001032220010322300103231001032320010323
20230203203102032032020320330203210302032111020321120203211302032121020321220203
02023320020233300203003002030110020301200203013002030210020302200203023002030310
03013312110133121201331213013312210133122201331223013312310133123201331233013313
12023203130232032102320322023203230232033102320332023203330232103102321032023210
31113100311132003111330031120100311202003112030031121100311212003112130031122100
13022131210221312202213123022131310221313202213133022132030221321102213212022132
10022220200222203002222110022221200222213002222210022222200222223002222310022223
12133200121333001220020012200300122011001220120012201300122021001220220012202300
03230011033100110332001103330011100200111003001110110011101200111013001110210011
22330103230201032303010323110103231201032313010323210103232201032323010323310103
02310332023103330231103102311032023110330231110302311111023111120231111302311121
30203032102030322020303230203033102030332020303330203102102031022020310230203103
02303010023030200230303002303110023031200230313002303210023032200230323002303310
32113302321203023212110232121202321213023212210232122202321223023212310232123202
22103133222031332230313323103133232031332330313331103133312031333130313332103133
13201211133012112020121120301211211012112120121121301211221012112220121122301211
30132221101322212013222130132222101322222013222230132223101322232013222330132230
12111100121112001211130012112100121122001211230012113100121132001211330012120100
31130123312101233122012331230123313101233132012331330123320201233203012332110123
32220100322202003222030032221100322212003222130032222100322222003222230032223100
03301023102010231030102311101023112010231130102312101023122010231230102313101023
20121003201220032012300320131003201320032013300320201003202020032020300320211003
31103233312032333130323332103233322032333230323333103233332032333330330331103303
31231331312313322123133231231333212313333123212321233123213131232132212321323123
01233120012331300123321001233220012332300123331001233320012333300130013002100130
12122023121230231213102312132023121330231220302312211023122120231221302312221023
10213001102210011022200110223001102310011023200110233001103010011030200110303001
03110222031202220313022203210222032202220323022203310222033202220333022210230222
12220020122300201231002012320020123300201301002013020020130300201311002013120020
01333022013330230133303101333032013330330133310201333103013331110133311201333113
02313331023133320231333302320232023302320303023203110232031202320313023203210232
22322213223223132232321322323313223322132233231322333213223333132313231332132313
12010100120102001201030012011100120112001201130012012100120122001201230012013100
22101211222012112230121123101211232012112330121130201211303012113110121131201211
12120132121301321221013212220132122301321231013212320132123301321302013213030132
03220300032211000322120003221300032221000322220003222300032231000322320003223300
00101031001010320010103300101101001011020010110300101111001011120010111300101121
31223132212231323122313321223133312232123122321321223213312232213122322221223222
10100131102001311030013111100131112001311130013112100131122001311230013113100131
01232020012320300123211001232120012321300123221001232220012322300123231001232320
03222112032221130322212103222122032221230322213103222132032221330322221103222212
02101102022011020230110203101102032011020330110210201102103011021110110211201102
12311030123111101231112012311130123112101231122012311230123113101231132012311330
01020112010201130102012101020122010201230102013101020132010201330102020201020203
02320213023302130303021303110213031202130313021303210213032202130323021303310213
20333030203331102033312020333130203332102033322020333230203333102033332020333330
13320302133211021332120213321302133221021332220213322302133231021332320213323302
03131220031312300313131003131320031313300313201003132020031320300313211003132120
01320032013300320201003202020032020300320211003202120032021300320221003202220032
10002332200023323000233310002333200023333000300030011000300120003001300030021000
31101133312011333130113332101133322011333230113333101133332011333330120120201201
13330132202101322022013220230132203101322032013220330132210201322103013221110132
03312320033123300331301003313020033130300331311003313120033131300331321003313220
32110023321200233213002332210023322200233223002332310023323200233233002333010023
32031002320320023203300232101002321020023210300232111002321120023211300232121002
30000323100003232000032330000330100003302000033030000331100003312000033130000332
11202211113022111210221112202211123022111310221113202211133022112030221121102211
10102133201021333010220110102201201022013010220210102202201022023010220310102203
11032311120323111303231121032311220323112303231131032311320323113303231211032312
02000121030001211100012112000121130001212100012122000121230001213100012132000121
30110001301200013013000130210001302200013023000130310001303200013033000131010001
02101212022012120230121203101212032012120330121210201212103012121110121211201212
20231300202321002023220020232300202331002023320020233300203003002030110020301200
01303123013031310130313201303133013032020130320301303211013032120130321301303221
22202001222030012221100122212001222130012222100122222001222230012223100122232001
33032320330323211103232112032321130323212103232122032321230323213103232132032321
12100200121003001210110012101200121013001210210012102200121023001210310012103200
32232132322331323232213232323132323321323233313233133132332221323322313233232132
02012002020130020202100202022002020230020203100202032002020330020210100202102002
30103332101033322010333230103333101033332010333330110110201101103011011110110111
01203121012031220120312301203131012031320120313301203202012032030120321101203212
01011033010111020101110301011111010111120101111301011121010111220101112301011131
01130332011303330113101201131013011310210113102201131023011310310113103201131033
23011310310113103201131033011311020113110301131111011311120113111301131121011311
32010223330102301101023012010230130102302101023022010230230102303101023032010230
31033333320333333311111111211111113111111221111112311111132111111331111121211111
21110021211200212113002121210021212200212123002121310021213200212133002122010021
00003023000030310000303200003033000031010000310200003103000031110000311200003113
20001001300010021000100220001002300010031000100320001003300010101000101020001010
00123311001233120012331300123321001233220012332300123331001233320012333300130013
10010303200103033001031010010310200103103001031110010311200103113001031210010312
02222221022222220222222302222231022222320222223302222303022223110222231202222313
30231013302320133023301330302013303030133031101330312013303130133032101330322013
11010312120103121301031221010312220103122301031231010312320103123301031302010313
22100113222001132230011323100113232001132330011330100113302001133030011331100113
00310203003102110031021200310213003102210031022200310223003102310031023200310233
00022020000220300002211000022120000221300002221000022220000222300002231000022320
10210222202102223021022310210223202102233021023030210231102102312021023130210232
11321130113212101132122011321230113213101132132011321330113220201132203011322110
33322223223222232332222332322223333222322232233222323232223233322233223222332332
32302103331021033320210333302110211021202110213021102210211022202110223021102310
32123220321232303212331032123320321233303213033032131110321311203213113032131210
23101021232010212330102130201021303010213110102131201021313010213210102132201021
10002132200021323000213310002133200021333000220010002200200022003000220110002201
32010103330101101101011012010110130101102101011022010110230101103101011032010110
10100200101003001010110010101200101013001010210010102200101023001010310010103200
31331013313320133133301332021013320220133202301332031013320320133203301332102013
02121303021213110212131202121313021213210212132202121323021213310212133202121333
10032332200323323003233310032333200323333003300330101003301020033010300330111003
11333332113333331212121213121212221212122312121232121212331212131312121322121213
00202031002020320020203300202101002021020020210300202111002021120020211300202121
12201002122020021220300212211002122120021221300212221002122220021222300212231002
32310210323202103233021033030210331102103312021033130210332102103322021033230210
13322111133231111333211113333111211121113111211221112112311121132111211331112121
33231330332321103323212033232130332322103323222033232230332323103323232033232330
20231301202321012023220120232301202331012023320120233301203013012030210120302201
32010022320200223203002232110022321200223213002232210022322200223223002232310022
20331103203312032033130320332103203322032033230320333103203332032033330321032103
01003232020032320300323211003232120032321300323221003232220032322300323231003232
30323010303310103033201030333010310110103101201031013010310210103102201031023010
31002202320022023300220301002203020022030300220311002203120022031300220321002203
11002212120022121300221221002212220022122300221231002212320022123300221301002213
12121310121213201212133012122020121220301212211012122120121221301212221012122220
22232023222330232230302322311023223120232231302322321023223220232232302322331023
21321033213220332132303321331033213320332133303322111033221120332211303322121033
20011002300110031001100320011003300110101001101020011010300110111001101120011011
12002021130020212100202122002021230020213100202132002021330020220100202202002022
23211211233112113121121131311211322112113231121133211211333112121131121212211212
33300023001000230020002300300023011000230120002301300023021000230220002302300023
03100002032000020330000210100002102000021030000211100002112000021130000212100002
00233212002332130023322100233222002332230023323100233232002332330023330100233302
13233323132333321323333313313322133133231331333213313333133213321333133222221332
02100320021003300210101002101020021010300210111002101120021011300210121002101220
00201200002013000020210000202200002023000020310000203200002033000021010000210200
22223311222312112223131122232211222323112223321122233311223113112231221122312311
00213333002200220023002200310022003200220033002201010022010200220103002201110022
30030033100300332003003330030101100301012003010130030102100301022003010230030103
11303130113032101130322011303230113033101130332011303330113101201131013011310210
12023301120302011203030112031101120312011203130112032101120322011203230112033101
02232302022331020223320202233302023021020230220202302302023031020230320202303302
30133213101332132013321330133220201332203013322110133221201332213013322210133222
11122320111223301112302011123030111231101112312011123130111232101112322011123230
32333333330000000010000000200000003000000110000001200000013000000210000002200000
22230010223100102232001022330010230100102302001023030010231100102312001023130010
03202222033022221030222211102222112022221130222212102222122022221230222213102222
00021022000210230002103100021032000210330002110100021102000211030002111100021112
30022320100223202002232030022321100223212002232130022322100223222002232230022323
30110122101101222011012230110123101101232011012330110130201101303011013110110131
20233332302333331023333320233333303030303110303031203030313030303210303032203030
33321200333213003332210033322200333223003332310033323200333233003333010033330200
10301000103020001030300010311000103120001031300010321000103220001032300010331000
22020200220203002202110022021200220213002202210022022200220223002202310022023200
12233310122333201223333012301230131012301320123013301230202012302030123021101230
00130311001303120013031300130321001303220013032300130331001303320013033300131002
13323223133232321332323313323322133233231332333213323333133313332222133322231333
21020320220203202302032031020320320203203302032103020321110203211202032113020321
20323310203233202032333020330210203302202033023020330310203303202033033020331030
13301321202013212030132121101321212013212130132122101321222013212230132123101321
00303213003032210030322200303223003032310030323200303233003033010030330200303303
03003111110031111200311113003111210031112200311123003111310031113200311133003112
13330120201301202021012020220120202301202031012020320120203301202102012021030120
20311211303112121031121220311212303112131031121320311213303112211031122120311221
20001222300012231000122320001223300012301000123020001230300012311000123120001231
02000100030001001100010012000100130001002100010022000100230001003100010032000100
21210210212202102123021021310210213202102133021022030210221102102212021022130210
12022002120230021203100212032002120330021210100212102002121030021211100212112002
12211102122112021221130212212102122122021221230212213102122132021221330212220302
30002032100020322000203230002033100020332000203330002100100021002000210030002101
21301022221010222220102222301022231010222320102223301022302010223030102231101022
33221013332220133322301333231013332320133323301333302013333030133331101333312013
11133333112112121121121311211222112112231121123211211233112113121121131311211322
02333021030220210302302103031021030320210303302103103021031110210311202103113021
10303023103110231031202310313023103210231032202310323023103310231033202310333023
21233322312333232123332331233331312333322123333231233333212333333131313132213131
02211131022111320221113302211203022112110221121202211213022112210221122202211223
30123220201232203012322110123221201232213012322210123222201232223012322310123223
10223202102233021023030210231102102312021023130210232102102322021023230210233102
21212003212130032122100321222003212230032123100321232003212330032130100321302003
01121213011212210112122201121223011212310112123201121233011213020112130301121311
03310102033201020333010210110102101201021013010210210102102201021023010210310102
13120230131203101312032013120330131210201312103013121110131211201312113013121210
02100002022000020230000203100002032000020330000210100002102000021030000211100002
32011210330112110201121103011211110112111201121113011211210112112201121123011211
20113310301133111011331120113311301133121011331220113312301133131011331320113313
12303203123033031231110312311203123113031231210312312203123123031231310312313203
20213130202132102021322020213230202133102021332020213330202202102022022020220230
33231211332313113323221133232311332332113323331133312211333123113331321133313311
22113021221210212212202122123021221310212213202122133021222030212221102122212021
12023131130231312102313122023131230231313102313132023131330231320302313211023132
10133131201331313013313210133132201331323013313310133133201331333013320210133202
21333113221221132212311322132113221331132221211322213113222221132222311322232113
33113121221131212311312132113121331131221211312213113122221131222311312232113122
32023123330231303102313032023130330231310302313111023131120231311302313121023131
13333110133331201333313013333210133332201333323013333310133333201333333020202020
32200201323002013310020133200201333002020030020201100202012002020130020202100202
22201230223012302310123023201230233012303020123030301230311012303120123031301230
30331302303321023033220230332302303331023033320230333302310231023202310233023103
31012222320122223301222302012223030122231101222312012223130122232101222322012223
00021301000213020002130300021311000213120002131300021321000213220002132300021331
31211313313113133221131332311313332113133331132113211331132121211321213113212221
03203212032032130320322103203222032032230320323103203232032032330320331103203312
03131022031320220313302203203022032110220321202203213022032210220322202203223022
13032010130330101310201013103010131110101311201013113010131210101312201013123010
03330330033310100333102003331030033311100333112003331130033312100333122003331230
11123011111310111113201111133011112020111120301111211011112120111121301111221011
11230020113100201132002011330020120100201202002012030020121100201212002012130020
13203201132033011321020113210301132111011321120113211301132121011321220113212301
31132030311330303121103031212030312130303122103031222030312230303123103031232030
21222302212231022122320221223302212303022123110221231202212313022123210221232202
03331230033313100333132003331330033320100333202003332030033321100333212003332130
11303103121031031220310312303103131031031320310313303103211031032120310321303103
22232203222323032223310322233203222333032230330322311103223112032231130322312103
22101020222010202230102023101020232010202330102030201020303010203110102031201020
32201323323013233310132333201323333013301330202013302030133021101330212013302130
20231201202313012023210120232201202323012023310120233201202333012030130120302101
01321302013213030132131101321312013213130132132101321322013213230132133101321332
01310111013201110133011102020111020301110211011102120111021301110221011102220111
10202223202022233020223030202231102022312020223130202232102022322020223230202233
00133203001332110013321200133213001332210013322200133223001332310013323200133233
31223102312232023122330231230302312311023123120231231302312321023123220231232302
00111110001111200011113000111210001112200011123000111310001113200011133000112010
30011211100112112001121130011212100112122001121230011213100112132001121330011220
33103203332032033330321032103220321032303210331032103320321033303211033032111110
32110011321200113213001132210011322200113223001132310011323200113233001133010011
23202111233021113030211131102111312021113130211132102111322021113230211133102111
12131213122212131223121312321213123312131313121313221213132312131332121313331213
02103120021031300210321002103220021032300210331002103320021033300211003002110110
20133313301333202013332030133321101333212013332130133322101333222013332230133323
00223010002230200022303000223110002231200022313000223210002232200022323000223310
21122031211230312113103121132031211330312121103121212031212130312122103121222031
02330100023302000233030002331100023312000233130002332100023322000233230002333100
32203120323031203310312033203120333031210320312103303121111031211120312111303121
33323002333310023333200233333003003010030030200300303003003110030031200300313003
